360,2015-01-01,21,13,8
360,2015-02-01,4,1,3
360,2015-03-01,8,5,3
360,2015-04-01,2,3,-1
360,2015-05-01,6,3,3
360,2015-06-01,10,3,7
360,2015-07-01,10,1,9
360,2015-08-01,8,4,4
360,2015-09-01,44,25,19
360,2015-10-01,25,16,9
360,2015-11-01,47,22,25
360,2015-12-01,32,11,21
360,2016-01-01,15,5,10
360,2016-02-01,10,22,-12
360,2016-03-01,30,25,5
360,2016-04-01,6,2,4
360,2016-05-01,14,5,9
360,2016-06-01,10,3,7
360,2016-07-01,19,14,5
360,2016-08-01,13,4,9
360,2016-09-01,3,0,3
360,2016-10-01,4,2,2
360,2016-11-01,4,2,2
360,2016-12-01,17,17,0
360,2017-01-01,21,12,9
360,2017-02-01,11,6,5
360,2017-03-01,39,35,4
360,2017-04-01,34,22,12
360,2017-05-01,23,20,3
360,2017-06-01,52,23,29
360,2017-07-01,192,179,13
360,2017-08-01,64,40,24
360,2017-09-01,69,41,28
360,2017-10-01,45,28,17
360,2017-11-01,46,38,8
360,2017-12-01,44,35,9
360,2018-01-01,45,40,5
360,2018-02-01,17,20,-3
360,2018-03-01,43,15,28
360,2018-04-01,68,40,28
360,2018-05-01,45,28,17
360,2018-06-01,33,21,12
360,2018-07-01,16,6,10
360,2018-08-01,26,10,16
360,2018-09-01,23,8,15
360,2018-10-01,31,24,7
360,2018-11-01,79,56,23
360,2018-12-01,81,60,21
360,2019-01-01,88,47,41
360,2019-02-01,38,43,-5
360,2019-03-01,63,34,29
360,2019-04-01,50,10,40
360,2019-05-01,31,42,-11
360,2019-06-01,37,21,16
360,2019-07-01,32,13,19
360,2019-08-01,38,14,24
360,2019-09-01,60,24,36
360,2019-10-01,37,34,3
360,2019-11-01,46,17,29
360,2019-12-01,39,31,8
360,2020-01-01,16,19,-3
360,2020-02-01,31,9,22
360,2020-03-01,27,20,7
360,2020-04-01,20,14,6
360,2020-05-01,27,14,13
360,2020-06-01,38,25,13
360,2020-07-01,51,28,23
360,2020-08-01,33,13,20
360,2020-09-01,21,8,13
360,2020-10-01,39,8,31
360,2020-11-01,17,6,11
360,2020-12-01,19,8,11
360,2021-01-01,14,2,12
360,2021-02-01,13,3,10
360,2021-03-01,19,11,8
360,2021-04-01,15,2,13
360,2021-05-01,5,1,4
360,2021-06-01,7,0,7
360,2021-07-01,14,4,10
360,2021-08-01,7,2,5
360,2021-09-01,9,6,3
360,2021-10-01,1,1,0
360,2021-11-01,4,0,4
360,2021-12-01,16,8,8
360,2022-01-01,5,2,3
360,2022-02-01,7,3,4
360,2022-03-01,4,2,2
360,2022-04-01,8,2,6
360,2022-05-01,5,2,3
360,2022-06-01,5,0,5
360,2022-07-01,5,4,1
360,2022-08-01,5,2,3
360,2022-09-01,0,2,-2
360,2022-10-01,7,31,-24
360,2022-11-01,6,1,5
360,2022-12-01,2,1,1
360,2023-01-01,2,2,0
360,2023-02-01,23,11,12
360,2023-03-01,6,3,3
360,2023-04-01,2,1,1
360,2023-05-01,1,0,1
360,2023-06-01,2,0,2
360,2023-07-01,10,3,7
360,2023-08-01,7,2,5
360,2023-09-01,3,4,-1
360,2023-10-01,4,2,2
360,2023-11-01,1,1,0
360,2023-12-01,14,8,6
360,2024-01-01,4,6,-2
360,2024-02-01,12,3,9
360,2024-03-01,1,0,1
360,2024-04-01,16,8,8
360,2024-05-01,6,1,5
360,2024-06-01,7,41,-34
360,2024-07-01,5,1,4
360,2024-08-01,4,0,4
360,2024-09-01,5,2,3
360,2024-10-01,2,6,-4
360,2024-11-01,2,1,1
API7,2020-08-01,99,98,1
API7,2020-09-01,124,72,52
API7,2020-10-01,129,122,7
API7,2020-11-01,179,181,-2
API7,2020-12-01,149,154,-5
API7,2021-01-01,144,165,-21
API7,2021-02-01,112,92,20
API7,2021-03-01,123,125,-2
API7,2021-04-01,115,105,10
API7,2021-05-01,91,89,2
API7,2021-06-01,81,86,-5
API7,2021-07-01,109,96,13
API7,2021-08-01,92,80,12
API7,2021-09-01,99,96,3
API7,2021-10-01,36,23,13
API7,2021-11-01,104,92,12
API7,2021-12-01,126,105,21
API7,2022-01-01,95,92,3
API7,2022-02-01,80,67,13
API7,2022-03-01,130,110,20
API7,2022-04-01,72,52,20
API7,2022-05-01,81,61,20
API7,2022-06-01,73,62,11
API7,2022-07-01,106,70,36
API7,2022-08-01,106,81,25
API7,2022-09-01,94,61,33
API7,2022-10-01,97,59,38
API7,2022-11-01,107,71,36
API7,2022-12-01,76,54,22
API7,2023-01-01,80,66,14
API7,2023-02-01,113,77,36
API7,2023-03-01,120,89,31
API7,2023-04-01,98,75,23
API7,2023-05-01,105,92,13
API7,2023-06-01,103,70,33
API7,2023-07-01,95,133,-38
API7,2023-08-01,108,112,-4
API7,2023-09-01,93,165,-72
API7,2023-10-01,83,91,-8
API7,2023-11-01,90,97,-7
API7,2023-12-01,93,161,-68
API7,2024-01-01,90,109,-19
API7,2024-02-01,47,45,2
API7,2024-03-01,67,78,-11
API7,2024-04-01,74,53,21
API7,2024-05-01,54,30,24
API7,2024-06-01,37,29,8
API7,2024-07-01,45,30,15
API7,2024-08-01,50,39,11
API7,2024-09-01,41,28,13
API7,2024-10-01,53,26,27
API7,2024-11-01,21,10,11
Acquia,2015-01-01,17,7,10
Acquia,2015-02-01,12,7,5
Acquia,2015-03-01,9,5,4
Acquia,2015-04-01,8,8,0
Acquia,2015-05-01,7,5,2
Acquia,2015-06-01,10,10,0
Acquia,2015-07-01,1,2,-1
Acquia,2015-08-01,3,1,2
Acquia,2015-09-01,8,5,3
Acquia,2015-10-01,8,8,0
Acquia,2015-11-01,10,10,0
Acquia,2015-12-01,13,8,5
Acquia,2016-01-01,10,8,2
Acquia,2016-02-01,13,12,1
Acquia,2016-03-01,19,13,6
Acquia,2016-04-01,13,20,-7
Acquia,2016-05-01,12,15,-3
Acquia,2016-06-01,10,10,0
Acquia,2016-07-01,8,4,4
Acquia,2016-08-01,10,9,1
Acquia,2016-09-01,11,7,4
Acquia,2016-10-01,5,4,1
Acquia,2016-11-01,9,8,1
Acquia,2016-12-01,9,3,6
Acquia,2017-01-01,15,19,-4
Acquia,2017-02-01,4,5,-1
Acquia,2017-03-01,8,10,-2
Acquia,2017-04-01,4,2,2
Acquia,2017-05-01,13,7,6
Acquia,2017-06-01,2,11,-9
Acquia,2017-07-01,5,2,3
Acquia,2017-08-01,7,2,5
Acquia,2017-09-01,4,1,3
Acquia,2017-10-01,10,6,4
Acquia,2017-11-01,5,5,0
Acquia,2017-12-01,4,2,2
Acquia,2018-01-01,4,6,-2
Acquia,2018-02-01,10,10,0
Acquia,2018-03-01,14,13,1
Acquia,2018-04-01,12,11,1
Acquia,2018-05-01,4,1,3
Acquia,2018-06-01,14,22,-8
Acquia,2018-07-01,21,18,3
Acquia,2018-08-01,1,0,1
Acquia,2018-09-01,9,6,3
Acquia,2018-10-01,7,4,3
Acquia,2018-11-01,3,3,0
Acquia,2018-12-01,2,1,1
Acquia,2019-01-01,6,11,-5
Acquia,2019-02-01,14,5,9
Acquia,2019-03-01,7,10,-3
Acquia,2019-04-01,6,2,4
Acquia,2019-05-01,7,3,4
Acquia,2019-06-01,1,4,-3
Acquia,2019-07-01,11,4,7
Acquia,2019-08-01,8,3,5
Acquia,2019-09-01,7,5,2
Acquia,2019-10-01,8,5,3
Acquia,2019-12-01,13,3,10
Acquia,2020-01-01,4,2,2
Acquia,2020-02-01,3,0,3
Acquia,2020-03-01,7,11,-4
Acquia,2020-04-01,4,1,3
Acquia,2020-05-01,3,1,2
Acquia,2020-06-01,16,4,12
Acquia,2020-07-01,4,1,3
Acquia,2020-08-01,3,1,2
Acquia,2020-09-01,3,1,2
Acquia,2020-10-01,11,5,6
Acquia,2020-11-01,6,5,1
Acquia,2020-12-01,4,0,4
Acquia,2021-01-01,3,50,-47
Acquia,2021-02-01,5,7,-2
Acquia,2021-04-01,5,0,5
Acquia,2021-05-01,2,2,0
Acquia,2021-06-01,4,5,-1
Acquia,2021-08-01,2,3,-1
Acquia,2021-09-01,0,2,-2
Acquia,2021-11-01,0,1,-1
Acquia,2021-12-01,3,2,1
Acquia,2022-01-01,3,1,2
Acquia,2022-03-01,1,0,1
Acquia,2022-06-01,1,0,1
Acquia,2022-07-01,2,0,2
Acquia,2022-09-01,0,4,-4
Acquia,2022-10-01,0,3,-3
Acquia,2022-11-01,1,1,0
Acquia,2022-12-01,3,1,2
Acquia,2023-01-01,3,2,1
Acquia,2023-02-01,4,4,0
Acquia,2023-04-01,2,0,2
Acquia,2023-05-01,2,1,1
Acquia,2023-07-01,1,0,1
Acquia,2023-10-01,2,0,2
Acquia,2023-12-01,2,2,0
Acquia,2024-01-01,1,1,0
Acquia,2024-02-01,0,1,-1
Acquia,2024-04-01,1,0,1
Acquia,2024-05-01,8,33,-25
Acquia,2024-06-01,3,0,3
Acquia,2024-07-01,0,2,-2
Acquia,2024-09-01,2,2,0
Acquia,2024-10-01,1,1,0
Adobe,2015-01-01,324,308,16
Adobe,2015-02-01,231,154,77
Adobe,2015-03-01,245,197,48
Adobe,2015-04-01,273,183,90
Adobe,2015-05-01,278,175,103
Adobe,2015-06-01,310,215,95
Adobe,2015-07-01,450,284,166
Adobe,2015-08-01,553,349,204
Adobe,2015-09-01,615,419,196
Adobe,2015-10-01,610,570,40
Adobe,2015-11-01,508,417,91
Adobe,2015-12-01,458,324,134
Adobe,2016-01-01,634,326,308
Adobe,2016-02-01,571,353,218
Adobe,2016-03-01,487,324,163
Adobe,2016-04-01,488,279,209
Adobe,2016-05-01,587,448,139
Adobe,2016-06-01,708,554,154
Adobe,2016-07-01,653,453,200
Adobe,2016-08-01,639,1026,-387
Adobe,2016-09-01,504,539,-35
Adobe,2016-10-01,508,376,132
Adobe,2016-11-01,492,451,41
Adobe,2016-12-01,465,285,180
Adobe,2017-01-01,506,315,191
Adobe,2017-02-01,415,220,195
Adobe,2017-03-01,469,277,192
Adobe,2017-04-01,479,249,230
Adobe,2017-05-01,461,219,242
Adobe,2017-06-01,403,353,50
Adobe,2017-07-01,395,436,-41
Adobe,2017-08-01,395,176,219
Adobe,2017-09-01,456,1160,-704
Adobe,2017-10-01,558,1158,-600
Adobe,2017-11-01,562,622,-60
Adobe,2017-12-01,467,520,-53
Adobe,2018-01-01,509,329,180
Adobe,2018-02-01,444,342,102
Adobe,2018-03-01,490,433,57
Adobe,2018-04-01,423,276,147
Adobe,2018-05-01,602,384,218
Adobe,2018-06-01,545,431,114
Adobe,2018-07-01,469,570,-101
Adobe,2018-08-01,459,488,-29
Adobe,2018-09-01,459,447,12
Adobe,2018-10-01,497,362,135
Adobe,2018-11-01,544,507,37
Adobe,2018-12-01,576,508,68
Adobe,2019-01-01,710,554,156
Adobe,2019-02-01,701,583,118
Adobe,2019-03-01,805,649,156
Adobe,2019-04-01,752,674,78
Adobe,2019-05-01,923,696,227
Adobe,2019-06-01,770,680,90
Adobe,2019-07-01,861,714,147
Adobe,2019-08-01,879,821,58
Adobe,2019-09-01,803,743,60
Adobe,2019-10-01,972,935,37
Adobe,2019-11-01,838,723,115
Adobe,2019-12-01,622,756,-134
Adobe,2020-01-01,853,617,236
Adobe,2020-02-01,912,768,144
Adobe,2020-03-01,862,704,158
Adobe,2020-04-01,1055,789,266
Adobe,2020-05-01,904,666,238
Adobe,2020-06-01,945,680,265
Adobe,2020-07-01,984,710,274
Adobe,2020-08-01,1026,833,193
Adobe,2020-09-01,939,928,11
Adobe,2020-10-01,998,810,188
Adobe,2020-11-01,822,719,103
Adobe,2020-12-01,682,634,48
Adobe,2021-01-01,729,713,16
Adobe,2021-02-01,752,954,-202
Adobe,2021-03-01,765,733,32
Adobe,2021-04-01,750,643,107
Adobe,2021-05-01,516,551,-35
Adobe,2021-06-01,603,588,15
Adobe,2021-07-01,544,460,84
Adobe,2021-08-01,687,442,245
Adobe,2021-09-01,620,620,0
Adobe,2021-10-01,223,179,44
Adobe,2021-11-01,635,516,119
Adobe,2021-12-01,390,402,-12
Adobe,2022-01-01,449,432,17
Adobe,2022-02-01,479,393,86
Adobe,2022-03-01,525,450,75
Adobe,2022-04-01,507,473,34
Adobe,2022-05-01,434,370,64
Adobe,2022-06-01,373,353,20
Adobe,2022-07-01,407,400,7
Adobe,2022-08-01,520,447,73
Adobe,2022-09-01,465,453,12
Adobe,2022-10-01,471,384,87
Adobe,2022-11-01,411,314,97
Adobe,2022-12-01,332,311,21
Adobe,2023-01-01,425,306,119
Adobe,2023-02-01,496,326,170
Adobe,2023-03-01,584,392,192
Adobe,2023-04-01,616,553,63
Adobe,2023-05-01,509,465,44
Adobe,2023-06-01,497,319,178
Adobe,2023-07-01,451,332,119
Adobe,2023-08-01,516,388,128
Adobe,2023-09-01,424,345,79
Adobe,2023-10-01,461,318,143
Adobe,2023-11-01,479,346,133
Adobe,2023-12-01,337,310,27
Adobe,2024-01-01,523,352,171
Adobe,2024-02-01,461,311,150
Adobe,2024-03-01,429,366,63
Adobe,2024-04-01,527,361,166
Adobe,2024-05-01,444,356,88
Adobe,2024-06-01,415,287,128
Adobe,2024-07-01,378,349,29
Adobe,2024-08-01,508,397,111
Adobe,2024-09-01,393,352,41
Adobe,2024-10-01,383,288,95
Adobe,2024-11-01,75,57,18
Alfresco,2015-01-01,4,1,3
Alfresco,2015-02-01,5,3,2
Alfresco,2015-03-01,13,10,3
Alfresco,2015-04-01,12,16,-4
Alfresco,2015-05-01,20,20,0
Alfresco,2015-06-01,30,14,16
Alfresco,2015-07-01,12,14,-2
Alfresco,2015-08-01,5,12,-7
Alfresco,2015-09-01,10,8,2
Alfresco,2015-10-01,17,15,2
Alfresco,2015-11-01,16,9,7
Alfresco,2015-12-01,5,5,0
Alfresco,2016-01-01,8,20,-12
Alfresco,2016-02-01,15,15,0
Alfresco,2016-03-01,21,16,5
Alfresco,2016-04-01,20,14,6
Alfresco,2016-05-01,29,26,3
Alfresco,2016-06-01,34,27,7
Alfresco,2016-07-01,168,121,47
Alfresco,2016-08-01,178,161,17
Alfresco,2016-09-01,162,143,19
Alfresco,2016-10-01,104,84,20
Alfresco,2016-11-01,141,175,-34
Alfresco,2016-12-01,118,127,-9
Alfresco,2017-01-01,176,155,21
Alfresco,2017-02-01,101,54,47
Alfresco,2017-03-01,82,107,-25
Alfresco,2017-04-01,36,97,-61
Alfresco,2017-05-01,23,22,1
Alfresco,2017-06-01,26,47,-21
Alfresco,2017-07-01,17,14,3
Alfresco,2017-08-01,17,18,-1
Alfresco,2017-09-01,16,20,-4
Alfresco,2017-10-01,16,27,-11
Alfresco,2017-11-01,9,7,2
Alfresco,2017-12-01,17,10,7
Alfresco,2018-01-01,13,21,-8
Alfresco,2018-02-01,12,6,6
Alfresco,2018-03-01,19,23,-4
Alfresco,2018-04-01,6,12,-6
Alfresco,2018-05-01,9,4,5
Alfresco,2018-06-01,20,14,6
Alfresco,2018-07-01,21,7,14
Alfresco,2018-08-01,27,13,14
Alfresco,2018-09-01,16,14,2
Alfresco,2018-10-01,10,19,-9
Alfresco,2018-11-01,9,12,-3
Alfresco,2018-12-01,9,3,6
Alfresco,2019-01-01,11,29,-18
Alfresco,2019-02-01,53,25,28
Alfresco,2019-03-01,26,19,7
Alfresco,2019-04-01,69,81,-12
Alfresco,2019-05-01,30,12,18
Alfresco,2019-06-01,29,53,-24
Alfresco,2019-07-01,10,9,1
Alfresco,2019-08-01,21,4,17
Alfresco,2019-09-01,30,9,21
Alfresco,2019-10-01,24,14,10
Alfresco,2019-11-01,18,16,2
Alfresco,2019-12-01,31,24,7
Alfresco,2020-01-01,20,16,4
Alfresco,2020-02-01,17,10,7
Alfresco,2020-03-01,12,14,-2
Alfresco,2020-04-01,13,12,1
Alfresco,2020-05-01,24,17,7
Alfresco,2020-06-01,16,12,4
Alfresco,2020-07-01,14,13,1
Alfresco,2020-08-01,19,25,-6
Alfresco,2020-09-01,14,5,9
Alfresco,2020-10-01,27,49,-22
Alfresco,2020-11-01,12,5,7
Alfresco,2020-12-01,9,2,7
Alfresco,2021-01-01,9,1,8
Alfresco,2021-02-01,11,3,8
Alfresco,2021-03-01,21,45,-24
Alfresco,2021-04-01,28,16,12
Alfresco,2021-05-01,13,16,-3
Alfresco,2021-06-01,24,13,11
Alfresco,2021-07-01,11,8,3
Alfresco,2021-08-01,9,4,5
Alfresco,2021-09-01,22,51,-29
Alfresco,2021-10-01,5,12,-7
Alfresco,2021-11-01,12,5,7
Alfresco,2021-12-01,17,11,6
Alfresco,2022-01-01,19,16,3
Alfresco,2022-02-01,11,9,2
Alfresco,2022-03-01,12,16,-4
Alfresco,2022-04-01,27,18,9
Alfresco,2022-05-01,20,14,6
Alfresco,2022-06-01,17,2,15
Alfresco,2022-07-01,9,7,2
Alfresco,2022-08-01,14,4,10
Alfresco,2022-09-01,24,3,21
Alfresco,2022-10-01,16,7,9
Alfresco,2022-11-01,11,8,3
Alfresco,2022-12-01,8,2,6
Alfresco,2023-01-01,10,16,-6
Alfresco,2023-02-01,14,12,2
Alfresco,2023-03-01,9,7,2
Alfresco,2023-04-01,10,3,7
Alfresco,2023-05-01,16,14,2
Alfresco,2023-06-01,14,33,-19
Alfresco,2023-07-01,14,11,3
Alfresco,2023-08-01,15,17,-2
Alfresco,2023-09-01,4,12,-8
Alfresco,2023-10-01,17,13,4
Alfresco,2023-11-01,8,8,0
Alfresco,2023-12-01,5,3,2
Alfresco,2024-01-01,10,9,1
Alfresco,2024-02-01,16,10,6
Alfresco,2024-03-01,13,10,3
Alfresco,2024-04-01,11,2,9
Alfresco,2024-05-01,6,0,6
Alfresco,2024-06-01,6,9,-3
Alfresco,2024-07-01,5,6,-1
Alfresco,2024-08-01,4,8,-4
Alfresco,2024-09-01,7,5,2
Alfresco,2024-10-01,16,7,9
Alfresco,2024-11-01,0,4,-4
Alibaba,2015-01-01,99,37,62
Alibaba,2015-02-01,41,30,11
Alibaba,2015-03-01,73,19,54
Alibaba,2015-04-01,84,37,47
Alibaba,2015-05-01,72,24,48
Alibaba,2015-06-01,77,49,28
Alibaba,2015-07-01,93,39,54
Alibaba,2015-08-01,69,36,33
Alibaba,2015-09-01,116,56,60
Alibaba,2015-10-01,115,33,82
Alibaba,2015-11-01,127,63,64
Alibaba,2015-12-01,181,119,62
Alibaba,2016-01-01,175,91,84
Alibaba,2016-02-01,80,54,26
Alibaba,2016-03-01,241,147,94
Alibaba,2016-04-01,246,325,-79
Alibaba,2016-05-01,231,183,48
Alibaba,2016-06-01,270,132,138
Alibaba,2016-07-01,372,272,100
Alibaba,2016-08-01,514,340,174
Alibaba,2016-09-01,626,401,225
Alibaba,2016-10-01,609,505,104
Alibaba,2016-11-01,769,715,54
Alibaba,2016-12-01,850,667,183
Alibaba,2017-01-01,572,390,182
Alibaba,2017-02-01,594,297,297
Alibaba,2017-03-01,790,542,248
Alibaba,2017-04-01,584,352,232
Alibaba,2017-05-01,588,353,235
Alibaba,2017-06-01,573,294,279
Alibaba,2017-07-01,585,367,218
Alibaba,2017-08-01,591,315,276
Alibaba,2017-09-01,558,295,263
Alibaba,2017-10-01,588,484,104
Alibaba,2017-11-01,681,370,311
Alibaba,2017-12-01,787,602,185
Alibaba,2018-01-01,792,440,352
Alibaba,2018-02-01,535,417,118
Alibaba,2018-03-01,893,607,286
Alibaba,2018-04-01,691,343,348
Alibaba,2018-05-01,760,481,279
Alibaba,2018-06-01,710,469,241
Alibaba,2018-07-01,715,541,174
Alibaba,2018-08-01,804,609,195
Alibaba,2018-09-01,839,626,213
Alibaba,2018-10-01,744,553,191
Alibaba,2018-11-01,855,799,56
Alibaba,2018-12-01,962,676,286
Alibaba,2019-01-01,1020,664,356
Alibaba,2019-02-01,734,594,140
Alibaba,2019-03-01,1325,1200,125
Alibaba,2019-04-01,1269,835,434
Alibaba,2019-05-01,1113,685,428
Alibaba,2019-06-01,1106,865,241
Alibaba,2019-07-01,1350,888,462
Alibaba,2019-08-01,1375,1178,197
Alibaba,2019-09-01,1331,1061,270
Alibaba,2019-10-01,1065,812,253
Alibaba,2019-11-01,1259,1002,257
Alibaba,2019-12-01,1334,825,509
Alibaba,2020-01-01,859,595,264
Alibaba,2020-02-01,728,401,327
Alibaba,2020-03-01,1226,800,426
Alibaba,2020-04-01,1301,820,481
Alibaba,2020-05-01,1255,828,427
Alibaba,2020-06-01,1329,1073,256
Alibaba,2020-07-01,1315,965,350
Alibaba,2020-08-01,1190,1050,140
Alibaba,2020-09-01,1173,700,473
Alibaba,2020-10-01,878,637,241
Alibaba,2020-11-01,1069,830,239
Alibaba,2020-12-01,1218,694,524
Alibaba,2021-01-01,1007,764,243
Alibaba,2021-02-01,708,543,165
Alibaba,2021-03-01,921,602,319
Alibaba,2021-04-01,1189,1173,16
Alibaba,2021-05-01,1048,1283,-235
Alibaba,2021-06-01,1071,771,300
Alibaba,2021-07-01,1215,799,416
Alibaba,2021-08-01,953,604,349
Alibaba,2021-09-01,1041,1104,-63
Alibaba,2021-10-01,253,167,86
Alibaba,2021-11-01,955,745,210
Alibaba,2021-12-01,1077,637,440
Alibaba,2022-01-01,875,440,435
Alibaba,2022-02-01,618,372,246
Alibaba,2022-03-01,1163,1115,48
Alibaba,2022-04-01,1179,1020,159
Alibaba,2022-05-01,1294,1204,90
Alibaba,2022-06-01,1277,1033,244
Alibaba,2022-07-01,1184,785,399
Alibaba,2022-08-01,1219,1087,132
Alibaba,2022-09-01,1035,879,156
Alibaba,2022-10-01,785,704,81
Alibaba,2022-11-01,1094,810,284
Alibaba,2022-12-01,891,538,353
Alibaba,2023-01-01,642,518,124
Alibaba,2023-02-01,983,1127,-144
Alibaba,2023-03-01,1196,925,271
Alibaba,2023-04-01,1001,732,269
Alibaba,2023-05-01,1026,746,280
Alibaba,2023-06-01,908,654,254
Alibaba,2023-07-01,920,725,195
Alibaba,2023-08-01,945,705,240
Alibaba,2023-09-01,963,677,286
Alibaba,2023-10-01,737,533,204
Alibaba,2023-11-01,861,875,-14
Alibaba,2023-12-01,833,628,205
Alibaba,2024-01-01,804,593,211
Alibaba,2024-02-01,442,503,-61
Alibaba,2024-03-01,715,454,261
Alibaba,2024-04-01,715,599,116
Alibaba,2024-05-01,712,546,166
Alibaba,2024-06-01,727,567,160
Alibaba,2024-07-01,744,675,69
Alibaba,2024-08-01,644,439,205
Alibaba,2024-09-01,594,445,149
Alibaba,2024-10-01,578,333,245
Alibaba,2024-11-01,146,66,80
Alluxio,2016-04-01,3,3,0
Alluxio,2016-05-01,3,3,0
Alluxio,2016-06-01,2,2,0
Alluxio,2016-09-01,2,2,0
Alluxio,2016-10-01,2,2,0
Alluxio,2016-12-01,3,3,0
Alluxio,2017-01-01,1,1,0
Alluxio,2017-02-01,1,1,0
Alluxio,2017-05-01,1,0,1
Alluxio,2017-06-01,3,5,-2
Alluxio,2017-07-01,1,0,1
Alluxio,2017-08-01,1,1,0
Alluxio,2017-12-01,1,1,0
Alluxio,2018-02-01,2,2,0
Alluxio,2018-03-01,1,0,1
Alluxio,2018-04-01,2,2,0
Alluxio,2018-05-01,1,1,0
Alluxio,2018-06-01,0,1,-1
Alluxio,2018-11-01,2,1,1
Alluxio,2018-12-01,7,5,2
Alluxio,2019-01-01,9,2,7
Alluxio,2019-02-01,23,7,16
Alluxio,2019-03-01,29,17,12
Alluxio,2019-04-01,34,24,10
Alluxio,2019-05-01,44,19,25
Alluxio,2019-06-01,29,12,17
Alluxio,2019-07-01,78,61,17
Alluxio,2019-08-01,57,39,18
Alluxio,2019-09-01,48,35,13
Alluxio,2019-10-01,74,30,44
Alluxio,2019-11-01,31,7,24
Alluxio,2019-12-01,31,12,19
Alluxio,2020-01-01,16,59,-43
Alluxio,2020-02-01,34,13,21
Alluxio,2020-03-01,38,14,24
Alluxio,2020-04-01,43,32,11
Alluxio,2020-05-01,39,23,16
Alluxio,2020-06-01,31,15,16
Alluxio,2020-07-01,29,8,21
Alluxio,2020-08-01,22,5,17
Alluxio,2020-09-01,23,10,13
Alluxio,2020-10-01,41,26,15
Alluxio,2020-11-01,32,33,-1
Alluxio,2020-12-01,30,17,13
Alluxio,2021-01-01,29,17,12
Alluxio,2021-02-01,28,18,10
Alluxio,2021-03-01,44,29,15
Alluxio,2021-04-01,49,25,24
Alluxio,2021-05-01,43,19,24
Alluxio,2021-06-01,36,28,8
Alluxio,2021-07-01,47,21,26
Alluxio,2021-08-01,31,19,12
Alluxio,2021-09-01,60,53,7
Alluxio,2021-10-01,17,10,7
Alluxio,2021-11-01,48,47,1
Alluxio,2021-12-01,52,26,26
Alluxio,2022-01-01,63,35,28
Alluxio,2022-02-01,36,22,14
Alluxio,2022-03-01,34,25,9
Alluxio,2022-04-01,47,15,32
Alluxio,2022-05-01,31,21,10
Alluxio,2022-06-01,20,10,10
Alluxio,2022-07-01,44,19,25
Alluxio,2022-08-01,23,17,6
Alluxio,2022-09-01,27,11,16
Alluxio,2022-10-01,40,31,9
Alluxio,2022-11-01,20,11,9
Alluxio,2022-12-01,17,9,8
Alluxio,2023-01-01,44,253,-209
Alluxio,2023-02-01,40,20,20
Alluxio,2023-03-01,38,23,15
Alluxio,2023-04-01,28,32,-4
Alluxio,2023-05-01,24,10,14
Alluxio,2023-06-01,28,13,15
Alluxio,2023-07-01,20,8,12
Alluxio,2023-08-01,18,7,11
Alluxio,2023-09-01,17,9,8
Alluxio,2023-10-01,15,9,6
Alluxio,2023-11-01,16,4,12
Alluxio,2023-12-01,7,1,6
Alluxio,2024-01-01,5,1,4
Alluxio,2024-02-01,8,8,0
Alluxio,2024-03-01,6,3,3
Alluxio,2024-04-01,6,2,4
Alluxio,2024-05-01,9,1,8
Alluxio,2024-06-01,7,0,7
Alluxio,2024-07-01,5,4,1
Alluxio,2024-08-01,3,8,-5
Alluxio,2024-09-01,5,0,5
Alluxio,2024-10-01,1,1,0
Amazon,2015-01-01,217,187,30
Amazon,2015-02-01,219,148,71
Amazon,2015-03-01,258,181,77
Amazon,2015-04-01,249,201,48
Amazon,2015-05-01,228,156,72
Amazon,2015-06-01,340,258,82
Amazon,2015-07-01,274,205,69
Amazon,2015-08-01,290,206,84
Amazon,2015-09-01,284,182,102
Amazon,2015-10-01,398,342,56
Amazon,2015-11-01,313,286,27
Amazon,2015-12-01,341,254,87
Amazon,2016-01-01,347,281,66
Amazon,2016-02-01,316,238,78
Amazon,2016-03-01,339,325,14
Amazon,2016-04-01,349,307,42
Amazon,2016-05-01,329,247,82
Amazon,2016-06-01,388,288,100
Amazon,2016-07-01,356,286,70
Amazon,2016-08-01,446,355,91
Amazon,2016-09-01,361,225,136
Amazon,2016-10-01,422,304,118
Amazon,2016-11-01,362,269,93
Amazon,2016-12-01,440,319,121
Amazon,2017-01-01,444,346,98
Amazon,2017-02-01,450,350,100
Amazon,2017-03-01,499,379,120
Amazon,2017-04-01,419,364,55
Amazon,2017-05-01,501,450,51
Amazon,2017-06-01,496,394,102
Amazon,2017-07-01,488,421,67
Amazon,2017-08-01,531,381,150
Amazon,2017-09-01,521,436,85
Amazon,2017-10-01,511,385,126
Amazon,2017-11-01,512,402,110
Amazon,2017-12-01,552,424,128
Amazon,2018-01-01,722,543,179
Amazon,2018-02-01,641,634,7
Amazon,2018-03-01,779,527,252
Amazon,2018-04-01,910,547,363
Amazon,2018-05-01,702,520,182
Amazon,2018-06-01,689,520,169
Amazon,2018-07-01,781,576,205
Amazon,2018-08-01,748,614,134
Amazon,2018-09-01,818,575,243
Amazon,2018-10-01,868,769,99
Amazon,2018-11-01,906,789,117
Amazon,2018-12-01,787,616,171
Amazon,2019-01-01,918,707,211
Amazon,2019-02-01,960,661,299
Amazon,2019-03-01,1098,820,278
Amazon,2019-04-01,1173,819,354
Amazon,2019-05-01,1107,783,324
Amazon,2019-06-01,1198,822,376
Amazon,2019-07-01,1263,1005,258
Amazon,2019-08-01,1324,1058,266
Amazon,2019-09-01,1236,940,296
Amazon,2019-10-01,1373,1091,282
Amazon,2019-11-01,1543,1083,460
Amazon,2019-12-01,1307,975,332
Amazon,2020-01-01,1579,1145,434
Amazon,2020-02-01,1535,1123,412
Amazon,2020-03-01,1901,1401,500
Amazon,2020-04-01,1977,1370,607
Amazon,2020-05-01,1927,1468,459
Amazon,2020-06-01,1800,1448,352
Amazon,2020-07-01,2049,1596,453
Amazon,2020-08-01,2007,1785,222
Amazon,2020-09-01,2018,1835,183
Amazon,2020-10-01,2111,1611,500
Amazon,2020-11-01,2108,1570,538
Amazon,2020-12-01,1973,1523,450
Amazon,2021-01-01,1913,1455,458
Amazon,2021-02-01,2041,1647,394
Amazon,2021-03-01,2253,1737,516
Amazon,2021-04-01,2102,1557,545
Amazon,2021-05-01,2338,1571,767
Amazon,2021-06-01,2212,1703,509
Amazon,2021-07-01,1994,1505,489
Amazon,2021-08-01,2021,1572,449
Amazon,2021-09-01,2121,1605,516
Amazon,2021-10-01,839,622,217
Amazon,2021-11-01,2209,1695,514
Amazon,2021-12-01,2042,1850,192
Amazon,2022-01-01,2050,1554,496
Amazon,2022-02-01,2031,1440,591
Amazon,2022-03-01,2241,1663,578
Amazon,2022-04-01,1969,1429,540
Amazon,2022-05-01,2103,2025,78
Amazon,2022-06-01,1710,1828,-118
Amazon,2022-07-01,1753,1523,230
Amazon,2022-08-01,2308,1861,447
Amazon,2022-09-01,2127,1691,436
Amazon,2022-10-01,1946,1658,288
Amazon,2022-11-01,2231,1872,359
Amazon,2022-12-01,1804,1490,314
Amazon,2023-01-01,2240,1937,303
Amazon,2023-02-01,2336,1947,389
Amazon,2023-03-01,2569,2234,335
Amazon,2023-04-01,2207,1801,406
Amazon,2023-05-01,1942,1684,258
Amazon,2023-06-01,1966,2347,-381
Amazon,2023-07-01,2066,1759,307
Amazon,2023-08-01,2102,1748,354
Amazon,2023-09-01,2027,1702,325
Amazon,2023-10-01,2423,1899,524
Amazon,2023-11-01,2174,1771,403
Amazon,2023-12-01,1658,1698,-40
Amazon,2024-01-01,2066,1713,353
Amazon,2024-02-01,2094,1573,521
Amazon,2024-03-01,2149,1947,202
Amazon,2024-04-01,2012,1700,312
Amazon,2024-05-01,2035,1633,402
Amazon,2024-06-01,1814,1743,71
Amazon,2024-07-01,2003,1559,444
Amazon,2024-08-01,1820,1587,233
Amazon,2024-09-01,1707,1401,306
Amazon,2024-10-01,1708,1472,236
Amazon,2024-11-01,361,402,-41
Anaconda,2022-04-01,5,0,5
Anaconda,2022-05-01,232,121,111
Anaconda,2022-06-01,37,26,11
Anaconda,2022-07-01,49,9,40
Anaconda,2022-08-01,49,24,25
Anaconda,2022-09-01,33,74,-41
Anaconda,2022-10-01,50,59,-9
Anaconda,2022-11-01,29,28,1
Anaconda,2022-12-01,34,20,14
Anaconda,2023-01-01,21,11,10
Anaconda,2023-02-01,19,39,-20
Anaconda,2023-03-01,17,19,-2
Anaconda,2023-04-01,31,10,21
Anaconda,2023-05-01,20,20,0
Anaconda,2023-06-01,12,8,4
Anaconda,2023-07-01,15,14,1
Anaconda,2023-08-01,32,22,10
Anaconda,2023-09-01,36,28,8
Anaconda,2023-10-01,24,21,3
Anaconda,2023-11-01,19,13,6
Anaconda,2023-12-01,11,32,-21
Anaconda,2024-01-01,22,65,-43
Anaconda,2024-02-01,14,19,-5
Anaconda,2024-03-01,12,7,5
Anaconda,2024-04-01,17,25,-8
Anaconda,2024-05-01,25,12,13
Anaconda,2024-06-01,9,3,6
Anaconda,2024-07-01,6,5,1
Anaconda,2024-08-01,5,18,-13
Anaconda,2024-09-01,9,5,4
Anaconda,2024-10-01,7,9,-2
Anaconda,2024-11-01,2,2,0
Ant group,2018-09-01,12,2,10
Ant group,2018-10-01,6,6,0
Ant group,2018-11-01,1,4,-3
Ant group,2018-12-01,11,1,10
Ant group,2019-01-01,4,2,2
Ant group,2019-02-01,2,1,1
Ant group,2019-03-01,5,6,-1
Ant group,2019-04-01,8,2,6
Ant group,2019-05-01,2,0,2
Ant group,2019-06-01,2,1,1
Ant group,2019-07-01,63,24,39
Ant group,2019-08-01,31,6,25
Ant group,2019-09-01,19,16,3
Ant group,2019-10-01,4,3,1
Ant group,2019-11-01,11,3,8
Ant group,2019-12-01,8,18,-10
Ant group,2020-01-01,12,4,8
Ant group,2020-02-01,8,3,5
Ant group,2020-03-01,23,13,10
Ant group,2020-04-01,30,15,15
Ant group,2020-05-01,36,22,14
Ant group,2020-06-01,28,27,1
Ant group,2020-07-01,30,24,6
Ant group,2020-08-01,34,29,5
Ant group,2020-09-01,31,17,14
Ant group,2020-10-01,18,6,12
Ant group,2020-11-01,13,4,9
Ant group,2020-12-01,26,14,12
Ant group,2021-01-01,22,4,18
Ant group,2021-02-01,13,37,-24
Ant group,2021-03-01,20,3,17
Ant group,2021-04-01,10,7,3
Ant group,2021-05-01,9,1,8
Ant group,2021-06-01,15,1,14
Ant group,2021-07-01,17,3,14
Ant group,2021-08-01,10,8,2
Ant group,2021-09-01,7,1,6
Ant group,2021-10-01,2,0,2
Ant group,2021-11-01,6,1,5
Ant group,2021-12-01,6,0,6
Ant group,2022-01-01,6,9,-3
Ant group,2022-02-01,3,0,3
Ant group,2022-03-01,6,2,4
Ant group,2022-04-01,5,0,5
Ant group,2022-05-01,6,8,-2
Ant group,2022-06-01,6,3,3
Ant group,2022-07-01,4,0,4
Ant group,2022-08-01,2,0,2
Ant group,2022-09-01,2,1,1
Ant group,2022-10-01,3,2,1
Ant group,2022-11-01,16,12,4
Ant group,2023-01-01,7,5,2
Ant group,2023-02-01,12,7,5
Ant group,2023-03-01,4,3,1
Ant group,2023-04-01,9,2,7
Ant group,2023-05-01,4,9,-5
Ant group,2023-06-01,4,2,2
Ant group,2023-07-01,3,1,2
Ant group,2023-08-01,2,4,-2
Ant group,2023-09-01,5,2,3
Ant group,2023-10-01,11,2,9
Ant group,2023-11-01,13,7,6
Ant group,2023-12-01,11,3,8
Ant group,2024-01-01,21,9,12
Ant group,2024-02-01,8,8,0
Ant group,2024-03-01,22,11,11
Ant group,2024-04-01,13,7,6
Ant group,2024-05-01,16,14,2
Ant group,2024-06-01,21,40,-19
Ant group,2024-07-01,20,12,8
Ant group,2024-08-01,11,10,1
Ant group,2024-09-01,18,8,10
Ant group,2024-10-01,22,12,10
Ant group,2024-11-01,8,2,6
Artelnics,2020-04-01,1,0,1
Artelnics,2020-05-01,8,9,-1
Artelnics,2020-06-01,8,4,4
Artelnics,2020-07-01,13,15,-2
Artelnics,2020-08-01,4,8,-4
Artelnics,2020-09-01,2,14,-12
Artelnics,2020-10-01,6,6,0
Artelnics,2020-11-01,2,1,1
Artelnics,2020-12-01,1,2,-1
Artelnics,2021-01-01,2,2,0
Artelnics,2021-02-01,3,0,3
Artelnics,2021-03-01,1,0,1
Artelnics,2021-04-01,1,0,1
Artelnics,2021-05-01,2,0,2
Artelnics,2021-06-01,1,2,-1
Artelnics,2021-07-01,1,0,1
Artelnics,2021-08-01,2,0,2
Artelnics,2021-09-01,2,0,2
Artelnics,2021-11-01,1,0,1
Artelnics,2021-12-01,4,12,-8
Artelnics,2022-01-01,6,8,-2
Artelnics,2022-03-01,7,4,3
Artelnics,2022-04-01,3,3,0
Artelnics,2022-05-01,3,4,-1
Artelnics,2022-07-01,2,2,0
Artelnics,2022-08-01,4,4,0
Artelnics,2022-09-01,3,5,-2
Artelnics,2022-10-01,6,6,0
Artelnics,2022-11-01,8,5,3
Artelnics,2023-01-01,2,0,2
Artelnics,2023-02-01,2,4,-2
Artelnics,2023-03-01,4,3,1
Artelnics,2023-04-01,0,2,-2
Artelnics,2023-05-01,2,2,0
Artelnics,2023-07-01,1,0,1
Artelnics,2023-08-01,10,0,10
Artelnics,2023-09-01,1,0,1
Artelnics,2023-10-01,1,0,1
Artelnics,2023-11-01,1,0,1
Artelnics,2023-12-01,4,1,3
Artelnics,2024-01-01,1,0,1
Artelnics,2024-02-01,2,0,2
Artelnics,2024-03-01,3,5,-2
Artelnics,2024-04-01,3,0,3
Artelnics,2024-06-01,1,0,1
Artelnics,2024-07-01,3,0,3
Artelnics,2024-08-01,1,0,1
Baidu,2015-01-01,315,144,171
Baidu,2015-02-01,195,85,110
Baidu,2015-03-01,312,122,190
Baidu,2015-04-01,334,177,157
Baidu,2015-05-01,332,137,195
Baidu,2015-06-01,331,118,213
Baidu,2015-07-01,449,200,249
Baidu,2015-08-01,469,200,269
Baidu,2015-09-01,446,178,268
Baidu,2015-10-01,383,196,187
Baidu,2015-11-01,366,193,173
Baidu,2015-12-01,458,211,247
Baidu,2016-01-01,363,591,-228
Baidu,2016-02-01,233,154,79
Baidu,2016-03-01,389,186,203
Baidu,2016-04-01,317,168,149
Baidu,2016-05-01,334,175,159
Baidu,2016-06-01,392,275,117
Baidu,2016-07-01,325,128,197
Baidu,2016-08-01,308,130,178
Baidu,2016-09-01,311,156,155
Baidu,2016-10-01,247,139,108
Baidu,2016-11-01,287,126,161
Baidu,2016-12-01,256,474,-218
Baidu,2017-01-01,181,72,109
Baidu,2017-02-01,155,86,69
Baidu,2017-03-01,249,106,143
Baidu,2017-04-01,187,111,76
Baidu,2017-05-01,203,80,123
Baidu,2017-06-01,223,144,79
Baidu,2017-07-01,258,125,133
Baidu,2017-08-01,296,151,145
Baidu,2017-09-01,221,204,17
Baidu,2017-10-01,184,122,62
Baidu,2017-11-01,221,107,114
Baidu,2017-12-01,217,87,130
Baidu,2018-01-01,202,90,112
Baidu,2018-02-01,130,70,60
Baidu,2018-03-01,306,163,143
Baidu,2018-04-01,266,165,101
Baidu,2018-05-01,215,124,91
Baidu,2018-06-01,223,99,124
Baidu,2018-07-01,243,149,94
Baidu,2018-08-01,288,195,93
Baidu,2018-09-01,226,113,113
Baidu,2018-10-01,215,110,105
Baidu,2018-11-01,197,130,67
Baidu,2018-12-01,185,186,-1
Baidu,2019-01-01,189,148,41
Baidu,2019-02-01,147,110,37
Baidu,2019-03-01,200,143,57
Baidu,2019-04-01,215,107,108
Baidu,2019-05-01,196,122,74
Baidu,2019-06-01,155,91,64
Baidu,2019-07-01,178,153,25
Baidu,2019-08-01,193,104,89
Baidu,2019-09-01,151,98,53
Baidu,2019-10-01,118,56,62
Baidu,2019-11-01,153,86,67
Baidu,2019-12-01,165,94,71
Baidu,2020-01-01,104,60,44
Baidu,2020-02-01,88,51,37
Baidu,2020-03-01,145,83,62
Baidu,2020-04-01,144,57,87
Baidu,2020-05-01,155,141,14
Baidu,2020-06-01,207,93,114
Baidu,2020-07-01,191,116,75
Baidu,2020-08-01,172,169,3
Baidu,2020-09-01,160,62,98
Baidu,2020-10-01,105,60,45
Baidu,2020-11-01,158,91,67
Baidu,2020-12-01,141,66,75
Baidu,2021-01-01,187,136,51
Baidu,2021-02-01,140,81,59
Baidu,2021-03-01,198,110,88
Baidu,2021-04-01,217,112,105
Baidu,2021-05-01,146,65,81
Baidu,2021-06-01,142,66,76
Baidu,2021-07-01,172,104,68
Baidu,2021-08-01,221,123,98
Baidu,2021-09-01,173,270,-97
Baidu,2021-10-01,54,28,26
Baidu,2021-11-01,212,231,-19
Baidu,2021-12-01,218,122,96
Baidu,2022-01-01,183,154,29
Baidu,2022-02-01,88,64,24
Baidu,2022-03-01,192,114,78
Baidu,2022-04-01,176,105,71
Baidu,2022-05-01,176,116,60
Baidu,2022-06-01,172,97,75
Baidu,2022-07-01,159,89,70
Baidu,2022-08-01,182,71,111
Baidu,2022-09-01,131,60,71
Baidu,2022-10-01,131,118,13
Baidu,2022-11-01,119,66,53
Baidu,2022-12-01,90,37,53
Baidu,2023-01-01,86,48,38
Baidu,2023-02-01,120,50,70
Baidu,2023-03-01,138,70,68
Baidu,2023-04-01,133,83,50
Baidu,2023-05-01,142,233,-91
Baidu,2023-06-01,169,206,-37
Baidu,2023-07-01,216,245,-29
Baidu,2023-08-01,213,162,51
Baidu,2023-09-01,155,120,35
Baidu,2023-10-01,140,195,-55
Baidu,2023-11-01,219,282,-63
Baidu,2023-12-01,180,90,90
Baidu,2024-01-01,172,61,111
Baidu,2024-02-01,114,46,68
Baidu,2024-03-01,163,175,-12
Baidu,2024-04-01,148,90,58
Baidu,2024-05-01,153,131,22
Baidu,2024-06-01,117,49,68
Baidu,2024-07-01,126,83,43
Baidu,2024-08-01,110,57,53
Baidu,2024-09-01,98,58,40
Baidu,2024-10-01,90,22,68
Baidu,2024-11-01,24,6,18
Bilibili,2019-01-01,17,4,13
Bilibili,2019-02-01,28,8,20
Bilibili,2019-03-01,48,13,35
Bilibili,2019-04-01,59,15,44
Bilibili,2019-05-01,60,17,43
Bilibili,2019-06-01,50,21,29
Bilibili,2019-07-01,58,19,39
Bilibili,2019-08-01,52,10,42
Bilibili,2019-09-01,52,19,33
Bilibili,2019-10-01,32,7,25
Bilibili,2019-11-01,53,15,38
Bilibili,2019-12-01,45,11,34
Bilibili,2020-01-01,33,6,27
Bilibili,2020-02-01,37,6,31
Bilibili,2020-03-01,29,8,21
Bilibili,2020-04-01,37,12,25
Bilibili,2020-05-01,33,8,25
Bilibili,2020-06-01,24,3,21
Bilibili,2020-07-01,29,6,23
Bilibili,2020-08-01,29,10,19
Bilibili,2020-09-01,28,8,20
Bilibili,2020-10-01,24,8,16
Bilibili,2020-11-01,35,8,27
Bilibili,2020-12-01,39,4,35
Bilibili,2021-01-01,28,5,23
Bilibili,2021-02-01,17,5,12
Bilibili,2021-03-01,34,6,28
Bilibili,2021-04-01,18,8,10
Bilibili,2021-05-01,32,10,22
Bilibili,2021-06-01,31,14,17
Bilibili,2021-07-01,35,8,27
Bilibili,2021-08-01,43,15,28
Bilibili,2021-09-01,28,6,22
Bilibili,2021-10-01,4,2,2
Bilibili,2021-11-01,38,7,31
Bilibili,2021-12-01,21,8,13
Bilibili,2022-01-01,17,4,13
Bilibili,2022-02-01,55,33,22
Bilibili,2022-03-01,25,9,16
Bilibili,2022-04-01,28,6,22
Bilibili,2022-05-01,23,3,20
Bilibili,2022-06-01,29,6,23
Bilibili,2022-07-01,23,7,16
Bilibili,2022-08-01,33,9,24
Bilibili,2022-09-01,21,7,14
Bilibili,2022-10-01,11,3,8
Bilibili,2022-11-01,20,3,17
Bilibili,2022-12-01,15,4,11
Bilibili,2023-01-01,14,8,6
Bilibili,2023-02-01,11,3,8
Bilibili,2023-03-01,13,3,10
Bilibili,2023-04-01,12,3,9
Bilibili,2023-05-01,10,0,10
Bilibili,2023-06-01,8,8,0
Bilibili,2023-07-01,9,5,4
Bilibili,2023-08-01,17,4,13
Bilibili,2023-09-01,8,1,7
Bilibili,2023-10-01,7,5,2
Bilibili,2023-11-01,8,3,5
Bilibili,2023-12-01,6,0,6
Bilibili,2024-01-01,10,4,6
Bilibili,2024-02-01,6,2,4
Bilibili,2024-03-01,6,3,3
Bilibili,2024-04-01,10,0,10
Bilibili,2024-05-01,5,1,4
Bilibili,2024-06-01,41,34,7
Bilibili,2024-07-01,33,22,11
Bilibili,2024-08-01,33,21,12
Bilibili,2024-09-01,16,14,2
Bilibili,2024-10-01,14,14,0
Bilibili,2024-11-01,5,4,1
Blue Spire,2015-01-01,79,43,36
Blue Spire,2015-02-01,117,102,15
Blue Spire,2015-03-01,125,83,42
Blue Spire,2015-04-01,143,122,21
Blue Spire,2015-05-01,191,125,66
Blue Spire,2015-06-01,170,134,36
Blue Spire,2015-07-01,160,132,28
Blue Spire,2015-08-01,170,96,74
Blue Spire,2015-09-01,166,149,17
Blue Spire,2015-10-01,168,277,-109
Blue Spire,2015-11-01,206,188,18
Blue Spire,2015-12-01,162,139,23
Blue Spire,2016-01-01,170,139,31
Blue Spire,2016-02-01,190,169,21
Blue Spire,2016-03-01,282,215,67
Blue Spire,2016-04-01,188,167,21
Blue Spire,2016-05-01,252,292,-40
Blue Spire,2016-06-01,361,326,35
Blue Spire,2016-07-01,325,423,-98
Blue Spire,2016-08-01,226,144,82
Blue Spire,2016-09-01,224,183,41
Blue Spire,2016-10-01,196,179,17
Blue Spire,2016-11-01,169,154,15
Blue Spire,2016-12-01,154,132,22
Blue Spire,2017-01-01,123,75,48
Blue Spire,2017-02-01,119,86,33
Blue Spire,2017-03-01,170,167,3
Blue Spire,2017-04-01,138,141,-3
Blue Spire,2017-05-01,105,76,29
Blue Spire,2017-06-01,101,82,19
Blue Spire,2017-07-01,85,53,32
Blue Spire,2017-08-01,80,53,27
Blue Spire,2017-09-01,52,51,1
Blue Spire,2017-10-01,111,85,26
Blue Spire,2017-11-01,53,34,19
Blue Spire,2017-12-01,52,53,-1
Blue Spire,2018-01-01,64,43,21
Blue Spire,2018-02-01,63,75,-12
Blue Spire,2018-03-01,77,217,-140
Blue Spire,2018-04-01,43,33,10
Blue Spire,2018-05-01,41,30,11
Blue Spire,2018-06-01,43,49,-6
Blue Spire,2018-07-01,46,51,-5
Blue Spire,2018-08-01,53,34,19
Blue Spire,2018-09-01,42,27,15
Blue Spire,2018-10-01,49,50,-1
Blue Spire,2018-11-01,55,52,3
Blue Spire,2018-12-01,23,15,8
Blue Spire,2019-01-01,36,56,-20
Blue Spire,2019-02-01,50,52,-2
Blue Spire,2019-03-01,26,36,-10
Blue Spire,2019-04-01,30,27,3
Blue Spire,2019-05-01,33,20,13
Blue Spire,2019-06-01,31,22,9
Blue Spire,2019-07-01,38,20,18
Blue Spire,2019-08-01,22,22,0
Blue Spire,2019-09-01,28,20,8
Blue Spire,2019-10-01,51,15,36
Blue Spire,2019-11-01,24,14,10
Blue Spire,2019-12-01,9,7,2
Blue Spire,2020-01-01,17,9,8
Blue Spire,2020-02-01,18,1,17
Blue Spire,2020-03-01,15,17,-2
Blue Spire,2020-04-01,51,33,18
Blue Spire,2020-05-01,16,17,-1
Blue Spire,2020-06-01,13,9,4
Blue Spire,2020-07-01,16,23,-7
Blue Spire,2020-08-01,12,5,7
Blue Spire,2020-09-01,19,18,1
Blue Spire,2020-10-01,18,28,-10
Blue Spire,2020-11-01,14,5,9
Blue Spire,2020-12-01,14,7,7
Blue Spire,2021-01-01,11,8,3
Blue Spire,2021-02-01,17,22,-5
Blue Spire,2021-03-01,24,13,11
Blue Spire,2021-04-01,10,6,4
Blue Spire,2021-05-01,13,4,9
Blue Spire,2021-06-01,20,22,-2
Blue Spire,2021-07-01,28,24,4
Blue Spire,2021-08-01,9,11,-2
Blue Spire,2021-09-01,5,3,2
Blue Spire,2021-11-01,4,2,2
Blue Spire,2021-12-01,9,9,0
Blue Spire,2022-01-01,37,17,20
Blue Spire,2022-02-01,6,5,1
Blue Spire,2022-03-01,15,11,4
Blue Spire,2022-04-01,4,12,-8
Blue Spire,2022-05-01,11,37,-26
Blue Spire,2022-06-01,13,70,-57
Blue Spire,2022-07-01,7,6,1
Blue Spire,2022-08-01,17,11,6
Blue Spire,2022-09-01,18,52,-34
Blue Spire,2022-10-01,13,11,2
Blue Spire,2022-11-01,9,1,8
Blue Spire,2022-12-01,6,0,6
Blue Spire,2023-01-01,10,11,-1
Blue Spire,2023-02-01,6,9,-3
Blue Spire,2023-03-01,11,27,-16
Blue Spire,2023-04-01,10,14,-4
Blue Spire,2023-05-01,7,5,2
Blue Spire,2023-06-01,8,4,4
Blue Spire,2023-07-01,10,10,0
Blue Spire,2023-08-01,6,2,4
Blue Spire,2023-09-01,9,3,6
Blue Spire,2023-10-01,7,4,3
Blue Spire,2023-11-01,5,4,1
Blue Spire,2023-12-01,5,24,-19
Blue Spire,2024-01-01,8,19,-11
Blue Spire,2024-02-01,9,21,-12
Blue Spire,2024-03-01,4,17,-13
Blue Spire,2024-04-01,13,15,-2
Blue Spire,2024-05-01,9,21,-12
Blue Spire,2024-06-01,2,3,-1
Blue Spire,2024-07-01,3,5,-2
Blue Spire,2024-08-01,27,23,4
Blue Spire,2024-09-01,14,11,3
Blue Spire,2024-10-01,10,10,0
ByteDance,2016-02-01,4,3,1
ByteDance,2016-03-01,9,0,9
ByteDance,2016-04-01,1,4,-3
ByteDance,2016-05-01,1,0,1
ByteDance,2016-07-01,1,0,1
ByteDance,2016-08-01,1,0,1
ByteDance,2016-12-01,1,0,1
ByteDance,2018-06-01,4,3,1
ByteDance,2018-07-01,11,12,-1
ByteDance,2018-08-01,15,16,-1
ByteDance,2018-09-01,2,4,-2
ByteDance,2018-10-01,2,3,-1
ByteDance,2018-11-01,6,3,3
ByteDance,2018-12-01,5,7,-2
ByteDance,2019-01-01,6,6,0
ByteDance,2019-02-01,5,3,2
ByteDance,2019-03-01,9,6,3
ByteDance,2019-04-01,6,9,-3
ByteDance,2019-05-01,20,8,12
ByteDance,2019-06-01,40,29,11
ByteDance,2019-07-01,46,25,21
ByteDance,2019-08-01,35,34,1
ByteDance,2019-09-01,30,15,15
ByteDance,2019-10-01,23,10,13
ByteDance,2019-11-01,43,22,21
ByteDance,2019-12-01,42,31,11
ByteDance,2020-01-01,48,26,22
ByteDance,2020-02-01,26,9,17
ByteDance,2020-03-01,42,26,16
ByteDance,2020-04-01,48,51,-3
ByteDance,2020-05-01,55,32,23
ByteDance,2020-06-01,37,23,14
ByteDance,2020-07-01,49,48,1
ByteDance,2020-08-01,42,25,17
ByteDance,2020-09-01,47,20,27
ByteDance,2020-10-01,59,30,29
ByteDance,2020-11-01,74,47,27
ByteDance,2020-12-01,105,59,46
ByteDance,2021-01-01,160,146,14
ByteDance,2021-02-01,63,99,-36
ByteDance,2021-03-01,65,43,22
ByteDance,2021-04-01,85,33,52
ByteDance,2021-05-01,77,41,36
ByteDance,2021-06-01,97,39,58
ByteDance,2021-07-01,149,78,71
ByteDance,2021-08-01,183,120,63
ByteDance,2021-09-01,185,116,69
ByteDance,2021-10-01,49,24,25
ByteDance,2021-11-01,433,341,92
ByteDance,2021-12-01,376,310,66
ByteDance,2022-01-01,335,205,130
ByteDance,2022-02-01,213,160,53
ByteDance,2022-03-01,319,239,80
ByteDance,2022-04-01,280,202,78
ByteDance,2022-05-01,299,219,80
ByteDance,2022-06-01,329,205,124
ByteDance,2022-07-01,316,253,63
ByteDance,2022-08-01,340,275,65
ByteDance,2022-09-01,328,285,43
ByteDance,2022-10-01,275,159,116
ByteDance,2022-11-01,374,194,180
ByteDance,2022-12-01,279,199,80
ByteDance,2023-01-01,202,141,61
ByteDance,2023-02-01,346,244,102
ByteDance,2023-03-01,551,531,20
ByteDance,2023-04-01,464,373,91
ByteDance,2023-05-01,373,294,79
ByteDance,2023-06-01,516,336,180
ByteDance,2023-07-01,615,395,220
ByteDance,2023-08-01,657,545,112
ByteDance,2023-09-01,607,510,97
ByteDance,2023-10-01,687,401,286
ByteDance,2023-11-01,791,581,210
ByteDance,2023-12-01,548,500,48
ByteDance,2024-01-01,662,553,109
ByteDance,2024-02-01,460,366,94
ByteDance,2024-03-01,589,425,164
ByteDance,2024-04-01,590,513,77
ByteDance,2024-05-01,531,371,160
ByteDance,2024-06-01,494,420,74
ByteDance,2024-07-01,602,434,168
ByteDance,2024-08-01,595,432,163
ByteDance,2024-09-01,587,475,112
ByteDance,2024-10-01,530,373,157
ByteDance,2024-11-01,164,88,76
Bytebase,2021-07-01,5,4,1
Bytebase,2021-08-01,5,2,3
Bytebase,2021-09-01,3,3,0
Bytebase,2021-10-01,1,0,1
Bytebase,2021-11-01,8,8,0
Bytebase,2021-12-01,13,10,3
Bytebase,2022-01-01,22,20,2
Bytebase,2022-02-01,5,6,-1
Bytebase,2022-03-01,6,2,4
Bytebase,2022-04-01,10,12,-2
Bytebase,2022-05-01,4,4,0
Bytebase,2022-06-01,22,4,18
Bytebase,2022-07-01,2,16,-14
Bytebase,2022-08-01,4,3,1
Bytebase,2022-09-01,10,3,7
Bytebase,2022-10-01,4,3,1
Bytebase,2022-11-01,7,7,0
Bytebase,2022-12-01,3,4,-1
Bytebase,2023-01-01,4,8,-4
Bytebase,2023-02-01,1,2,-1
Bytebase,2023-03-01,3,2,1
Bytebase,2023-04-01,6,6,0
Bytebase,2023-05-01,10,6,4
Bytebase,2023-06-01,18,15,3
Bytebase,2023-07-01,11,7,4
Bytebase,2023-08-01,13,9,4
Bytebase,2023-09-01,15,12,3
Bytebase,2023-10-01,10,10,0
Bytebase,2023-11-01,6,14,-8
Bytebase,2023-12-01,14,3,11
Bytebase,2024-01-01,25,14,11
Bytebase,2024-02-01,6,2,4
Bytebase,2024-03-01,6,4,2
Bytebase,2024-04-01,13,3,10
Bytebase,2024-05-01,13,10,3
Bytebase,2024-06-01,12,7,5
Bytebase,2024-07-01,7,4,3
Bytebase,2024-08-01,7,3,4
Bytebase,2024-09-01,10,7,3
Bytebase,2024-10-01,9,0,9
Bytebase,2024-11-01,5,13,-8
CTrip,2015-03-01,1,0,1
CTrip,2015-10-01,1,1,0
CTrip,2015-12-01,1,0,1
CTrip,2016-01-01,1,0,1
CTrip,2016-04-01,0,1,-1
CTrip,2016-06-01,1,0,1
CTrip,2016-07-01,1,1,0
CTrip,2016-08-01,3,1,2
CTrip,2016-09-01,12,7,5
CTrip,2016-10-01,6,4,2
CTrip,2016-11-01,6,2,4
CTrip,2016-12-01,7,4,3
CTrip,2017-01-01,1,0,1
CTrip,2017-02-01,6,2,4
CTrip,2017-03-01,2,0,2
CTrip,2017-04-01,2,1,1
CTrip,2017-05-01,2,1,1
CTrip,2017-06-01,3,1,2
CTrip,2017-07-01,0,1,-1
CTrip,2017-08-01,1,1,0
CTrip,2017-09-01,5,1,4
CTrip,2017-10-01,1,0,1
CTrip,2017-11-01,2,4,-2
CTrip,2017-12-01,4,1,3
CTrip,2018-01-01,3,2,1
CTrip,2018-02-01,1,2,-1
CTrip,2018-03-01,3,1,2
CTrip,2018-04-01,6,4,2
CTrip,2018-05-01,6,2,4
CTrip,2018-06-01,8,1,7
CTrip,2018-07-01,3,0,3
CTrip,2018-08-01,5,7,-2
CTrip,2018-09-01,2,3,-1
CTrip,2018-10-01,2,1,1
CTrip,2018-11-01,3,3,0
CTrip,2018-12-01,1,0,1
CTrip,2019-01-01,3,2,1
CTrip,2019-02-01,3,0,3
CTrip,2019-04-01,24,18,6
CTrip,2019-05-01,16,19,-3
CTrip,2019-06-01,14,13,1
CTrip,2019-07-01,6,5,1
CTrip,2019-08-01,9,6,3
CTrip,2019-09-01,16,2,14
CTrip,2019-10-01,6,5,1
CTrip,2019-11-01,3,0,3
CTrip,2019-12-01,3,0,3
CTrip,2020-01-01,3,2,1
CTrip,2020-02-01,3,2,1
CTrip,2020-03-01,4,1,3
CTrip,2020-05-01,4,5,-1
CTrip,2020-06-01,2,0,2
CTrip,2020-07-01,5,2,3
CTrip,2020-08-01,1,0,1
CTrip,2020-09-01,6,2,4
CTrip,2020-10-01,3,7,-4
CTrip,2020-11-01,8,2,6
CTrip,2021-02-01,1,1,0
CTrip,2021-03-01,8,5,3
CTrip,2021-04-01,2,0,2
CTrip,2021-05-01,0,2,-2
CTrip,2021-06-01,1,1,0
CTrip,2021-07-01,2,1,1
CTrip,2021-08-01,1,0,1
CTrip,2021-09-01,0,1,-1
CTrip,2022-01-01,5,0,5
CTrip,2022-02-01,3,2,1
CTrip,2022-03-01,5,5,0
CTrip,2022-04-01,3,3,0
CTrip,2022-05-01,17,9,8
CTrip,2022-06-01,3,2,1
CTrip,2022-07-01,12,6,6
CTrip,2022-08-01,15,15,0
CTrip,2022-09-01,3,4,-1
CTrip,2022-10-01,5,4,1
CTrip,2022-11-01,3,5,-2
CTrip,2022-12-01,7,4,3
CTrip,2023-01-01,4,1,3
CTrip,2023-02-01,2,2,0
CTrip,2023-03-01,7,3,4
CTrip,2023-04-01,5,3,2
CTrip,2023-05-01,3,1,2
CTrip,2023-06-01,2,2,0
CTrip,2023-07-01,2,1,1
CTrip,2023-08-01,4,1,3
CTrip,2023-09-01,1,0,1
CTrip,2023-10-01,5,10,-5
CTrip,2023-11-01,8,4,4
CTrip,2023-12-01,6,3,3
CTrip,2024-01-01,8,4,4
CTrip,2024-02-01,5,3,2
CTrip,2024-03-01,4,2,2
CTrip,2024-04-01,6,7,-1
CTrip,2024-05-01,7,2,5
CTrip,2024-06-01,2,1,1
CTrip,2024-07-01,2,0,2
CTrip,2024-08-01,3,2,1
CTrip,2024-09-01,2,0,2
CTrip,2024-10-01,2,0,2
CTrip,2024-11-01,1,0,1
Chatopera,2018-11-01,0,1,-1
Chatopera,2019-03-01,1,0,1
Chatopera,2019-07-01,2,1,1
Chatopera,2019-08-01,1,0,1
Chatopera,2019-09-01,22,14,8
Chatopera,2019-10-01,2,2,0
Chatopera,2019-11-01,1,0,1
Chatopera,2019-12-01,4,2,2
Chatopera,2020-01-01,2,1,1
Chatopera,2020-03-01,1,1,0
Chatopera,2020-04-01,7,3,4
Chatopera,2020-05-01,2,0,2
Chatopera,2020-06-01,4,1,3
Chatopera,2020-07-01,3,3,0
Chatopera,2020-08-01,1,0,1
Chatopera,2020-09-01,9,1,8
Chatopera,2020-10-01,9,31,-22
Chatopera,2020-11-01,5,5,0
Chatopera,2020-12-01,5,1,4
Chatopera,2021-01-01,3,2,1
Chatopera,2021-02-01,4,4,0
Chatopera,2021-03-01,5,4,1
Chatopera,2021-04-01,4,2,2
Chatopera,2021-05-01,3,2,1
Chatopera,2021-06-01,5,4,1
Chatopera,2021-07-01,4,1,3
Chatopera,2021-08-01,2,0,2
Chatopera,2021-09-01,27,24,3
Chatopera,2021-10-01,7,16,-9
Chatopera,2021-11-01,0,1,-1
Chatopera,2021-12-01,3,2,1
Chatopera,2022-01-01,2,0,2
Chatopera,2022-02-01,2,0,2
Chatopera,2022-03-01,3,0,3
Chatopera,2022-04-01,1,1,0
Chatopera,2022-05-01,2,2,0
Chatopera,2022-06-01,1,1,0
Chatopera,2022-07-01,2,0,2
Chatopera,2022-08-01,3,2,1
Chatopera,2022-09-01,2,1,1
Chatopera,2022-10-01,1,0,1
Chatopera,2022-11-01,1,0,1
Chatopera,2022-12-01,1,0,1
Chatopera,2023-01-01,1,0,1
Chatopera,2023-02-01,1,1,0
Chatopera,2023-03-01,6,5,1
Chatopera,2023-04-01,8,2,6
Chatopera,2023-05-01,14,45,-31
Chatopera,2023-06-01,8,2,6
Chatopera,2023-07-01,5,4,1
Chatopera,2023-08-01,1,3,-2
Chatopera,2023-10-01,3,2,1
Chatopera,2023-11-01,2,0,2
Chatopera,2024-01-01,2,1,1
Chatopera,2024-02-01,1,0,1
Chatopera,2024-04-01,1,1,0
Chatopera,2024-05-01,3,2,1
Chatopera,2024-06-01,2,1,1
Chatopera,2024-08-01,1,0,1
Chatopera,2024-09-01,1,0,1
Chatopera,2024-10-01,2,1,1
Cloud Wise,2017-03-01,1,0,1
Cloud Wise,2017-07-01,1,0,1
Cloud Wise,2017-08-01,8,1,7
Cloud Wise,2018-07-01,1,0,1
Cloud Wise,2021-04-01,1,0,1
Cloud Wise,2021-09-01,1,0,1
Cloud Wise,2021-10-01,1,0,1
Cloud Wise,2021-11-01,7,7,0
Cloud Wise,2021-12-01,8,0,8
Cloud Wise,2022-02-01,0,1,-1
Cloud Wise,2022-03-01,1,1,0
Cloud Wise,2022-04-01,43,8,35
Cloud Wise,2022-05-01,67,59,8
Cloud Wise,2022-06-01,6,5,1
Cloud Wise,2022-07-01,7,8,-1
Cloud Wise,2022-08-01,6,0,6
Cloud Wise,2022-09-01,2,5,-3
Cloud Wise,2022-10-01,3,1,2
Cloud Wise,2022-11-01,6,1,5
Cloud Wise,2022-12-01,3,2,1
Cloud Wise,2023-01-01,9,1,8
Cloud Wise,2023-02-01,5,1,4
Cloud Wise,2023-03-01,8,3,5
Cloud Wise,2023-04-01,2,0,2
Cloud Wise,2023-05-01,4,11,-7
Cloud Wise,2023-06-01,5,3,2
Cloud Wise,2023-07-01,2,0,2
Cloud Wise,2023-08-01,1,0,1
Cloud Wise,2023-09-01,0,1,-1
Cloud Wise,2023-11-01,1,0,1
Cloud Wise,2023-12-01,2,0,2
Cloud Wise,2024-04-01,2,1,1
Cloud Wise,2024-05-01,2,0,2
Cloud Wise,2024-06-01,1,0,1
Cloudbees,2015-01-01,35,12,23
Cloudbees,2015-02-01,31,41,-10
Cloudbees,2015-03-01,65,39,26
Cloudbees,2015-04-01,35,48,-13
Cloudbees,2015-05-01,61,42,19
Cloudbees,2015-06-01,93,62,31
Cloudbees,2015-07-01,96,104,-8
Cloudbees,2015-08-01,58,45,13
Cloudbees,2015-09-01,82,45,37
Cloudbees,2015-10-01,64,43,21
Cloudbees,2015-11-01,70,42,28
Cloudbees,2015-12-01,66,40,26
Cloudbees,2016-01-01,91,49,42
Cloudbees,2016-02-01,122,101,21
Cloudbees,2016-03-01,147,102,45
Cloudbees,2016-04-01,156,161,-5
Cloudbees,2016-05-01,143,109,34
Cloudbees,2016-06-01,142,87,55
Cloudbees,2016-07-01,112,82,30
Cloudbees,2016-08-01,139,88,51
Cloudbees,2016-09-01,131,106,25
Cloudbees,2016-10-01,99,83,16
Cloudbees,2016-11-01,93,103,-10
Cloudbees,2016-12-01,101,66,35
Cloudbees,2017-01-01,119,79,40
Cloudbees,2017-02-01,121,103,18
Cloudbees,2017-03-01,140,80,60
Cloudbees,2017-04-01,123,84,39
Cloudbees,2017-05-01,111,72,39
Cloudbees,2017-06-01,119,97,22
Cloudbees,2017-07-01,125,91,34
Cloudbees,2017-08-01,109,72,37
Cloudbees,2017-09-01,115,77,38
Cloudbees,2017-10-01,165,210,-45
Cloudbees,2017-11-01,162,145,17
Cloudbees,2017-12-01,130,89,41
Cloudbees,2018-01-01,116,89,27
Cloudbees,2018-02-01,195,113,82
Cloudbees,2018-03-01,152,110,42
Cloudbees,2018-04-01,122,107,15
Cloudbees,2018-05-01,127,89,38
Cloudbees,2018-06-01,191,98,93
Cloudbees,2018-07-01,154,117,37
Cloudbees,2018-08-01,152,117,35
Cloudbees,2018-09-01,175,155,20
Cloudbees,2018-10-01,155,111,44
Cloudbees,2018-11-01,138,115,23
Cloudbees,2018-12-01,102,133,-31
Cloudbees,2019-01-01,144,87,57
Cloudbees,2019-02-01,186,125,61
Cloudbees,2019-03-01,190,161,29
Cloudbees,2019-04-01,163,142,21
Cloudbees,2019-05-01,232,160,72
Cloudbees,2019-06-01,176,136,40
Cloudbees,2019-07-01,208,139,69
Cloudbees,2019-08-01,177,137,40
Cloudbees,2019-09-01,158,156,2
Cloudbees,2019-10-01,230,176,54
Cloudbees,2019-11-01,155,157,-2
Cloudbees,2019-12-01,110,122,-12
Cloudbees,2020-01-01,161,113,48
Cloudbees,2020-02-01,190,107,83
Cloudbees,2020-03-01,187,128,59
Cloudbees,2020-04-01,232,185,47
Cloudbees,2020-05-01,363,238,125
Cloudbees,2020-06-01,208,146,62
Cloudbees,2020-07-01,220,171,49
Cloudbees,2020-08-01,209,167,42
Cloudbees,2020-09-01,237,132,105
Cloudbees,2020-10-01,230,190,40
Cloudbees,2020-11-01,199,125,74
Cloudbees,2020-12-01,195,168,27
Cloudbees,2021-01-01,241,141,100
Cloudbees,2021-02-01,186,106,80
Cloudbees,2021-03-01,237,151,86
Cloudbees,2021-04-01,177,133,44
Cloudbees,2021-05-01,181,124,57
Cloudbees,2021-06-01,195,212,-17
Cloudbees,2021-07-01,179,214,-35
Cloudbees,2021-08-01,161,161,0
Cloudbees,2021-09-01,161,118,43
Cloudbees,2021-10-01,63,51,12
Cloudbees,2021-11-01,233,173,60
Cloudbees,2021-12-01,181,125,56
Cloudbees,2022-01-01,172,153,19
Cloudbees,2022-02-01,165,134,31
Cloudbees,2022-03-01,162,107,55
Cloudbees,2022-04-01,138,106,32
Cloudbees,2022-05-01,142,112,30
Cloudbees,2022-06-01,160,133,27
Cloudbees,2022-07-01,157,86,71
Cloudbees,2022-08-01,162,103,59
Cloudbees,2022-09-01,181,150,31
Cloudbees,2022-10-01,186,144,42
Cloudbees,2022-11-01,175,149,26
Cloudbees,2022-12-01,142,113,29
Cloudbees,2023-01-01,147,99,48
Cloudbees,2023-02-01,146,127,19
Cloudbees,2023-03-01,185,138,47
Cloudbees,2023-04-01,140,145,-5
Cloudbees,2023-05-01,178,149,29
Cloudbees,2023-06-01,147,112,35
Cloudbees,2023-07-01,135,99,36
Cloudbees,2023-08-01,146,100,46
Cloudbees,2023-09-01,127,129,-2
Cloudbees,2023-10-01,149,108,41
Cloudbees,2023-11-01,146,129,17
Cloudbees,2023-12-01,103,93,10
Cloudbees,2024-01-01,297,119,178
Cloudbees,2024-02-01,136,104,32
Cloudbees,2024-03-01,173,132,41
Cloudbees,2024-04-01,143,115,28
Cloudbees,2024-05-01,125,87,38
Cloudbees,2024-06-01,158,90,68
Cloudbees,2024-07-01,155,125,30
Cloudbees,2024-08-01,113,87,26
Cloudbees,2024-09-01,150,110,40
Cloudbees,2024-10-01,154,139,15
Cloudbees,2024-11-01,26,26,0
Cloudera,2015-01-01,30,12,18
Cloudera,2015-02-01,39,48,-9
Cloudera,2015-03-01,33,27,6
Cloudera,2015-04-01,57,42,15
Cloudera,2015-05-01,24,15,9
Cloudera,2015-06-01,48,30,18
Cloudera,2015-07-01,78,60,18
Cloudera,2015-08-01,72,54,18
Cloudera,2015-09-01,66,63,3
Cloudera,2015-10-01,99,75,24
Cloudera,2015-11-01,33,30,3
Cloudera,2015-12-01,87,51,36
Cloudera,2016-01-01,93,84,9
Cloudera,2016-02-01,57,48,9
Cloudera,2016-03-01,72,42,30
Cloudera,2016-04-01,84,69,15
Cloudera,2016-05-01,90,69,21
Cloudera,2016-06-01,54,39,15
Cloudera,2016-07-01,42,27,15
Cloudera,2016-08-01,72,42,30
Cloudera,2016-09-01,81,66,15
Cloudera,2016-10-01,54,24,30
Cloudera,2016-11-01,72,39,33
Cloudera,2016-12-01,72,33,39
Cloudera,2017-01-01,87,39,48
Cloudera,2017-02-01,54,27,27
Cloudera,2017-03-01,87,30,57
Cloudera,2017-04-01,81,30,51
Cloudera,2017-05-01,90,39,51
Cloudera,2017-06-01,30,6,24
Cloudera,2017-07-01,72,33,39
Cloudera,2017-08-01,42,39,3
Cloudera,2017-09-01,51,27,24
Cloudera,2017-10-01,69,51,18
Cloudera,2017-11-01,75,51,24
Cloudera,2017-12-01,36,27,9
Cloudera,2018-01-01,63,15,48
Cloudera,2018-02-01,48,18,30
Cloudera,2018-03-01,42,9,33
Cloudera,2018-04-01,69,24,45
Cloudera,2018-05-01,51,30,21
Cloudera,2018-06-01,33,27,6
Cloudera,2018-07-01,54,24,30
Cloudera,2018-08-01,45,9,36
Cloudera,2018-09-01,39,12,27
Cloudera,2018-10-01,51,15,36
Cloudera,2018-11-01,51,3,48
Cloudera,2018-12-01,33,3,30
Cloudera,2019-01-01,30,9,21
Cloudera,2019-02-01,39,36,3
Cloudera,2019-03-01,48,30,18
Cloudera,2019-04-01,48,33,15
Cloudera,2019-05-01,75,57,18
Cloudera,2019-06-01,72,48,24
Cloudera,2019-07-01,51,27,24
Cloudera,2019-08-01,66,105,-39
Cloudera,2019-09-01,48,27,21
Cloudera,2019-10-01,54,63,-9
Cloudera,2019-11-01,39,36,3
Cloudera,2019-12-01,84,39,45
Cloudera,2020-01-01,45,30,15
Cloudera,2020-02-01,39,15,24
Cloudera,2020-03-01,57,84,-27
Cloudera,2020-04-01,51,36,15
Cloudera,2020-05-01,39,27,12
Cloudera,2020-06-01,93,57,36
Cloudera,2020-07-01,60,33,27
Cloudera,2020-08-01,60,24,36
Cloudera,2020-09-01,60,27,33
Cloudera,2020-10-01,54,36,18
Cloudera,2020-11-01,54,30,24
Cloudera,2020-12-01,90,48,42
Cloudera,2021-01-01,93,63,30
Cloudera,2021-02-01,78,45,33
Cloudera,2021-03-01,57,747,-690
Cloudera,2021-04-01,54,78,-24
Cloudera,2021-05-01,45,48,-3
Cloudera,2021-06-01,48,45,3
Cloudera,2021-07-01,90,69,21
Cloudera,2021-08-01,63,63,0
Cloudera,2021-09-01,72,42,30
Cloudera,2021-10-01,24,33,-9
Cloudera,2021-11-01,24,42,-18
Cloudera,2021-12-01,93,48,45
Cloudera,2022-01-01,24,24,0
Cloudera,2022-02-01,27,21,6
Cloudera,2022-03-01,30,15,15
Cloudera,2022-04-01,51,18,33
Cloudera,2022-05-01,36,33,3
Cloudera,2022-06-01,9,27,-18
Cloudera,2022-07-01,18,15,3
Cloudera,2022-08-01,30,27,3
Cloudera,2022-09-01,33,21,12
Cloudera,2022-10-01,27,30,-3
Cloudera,2022-11-01,42,33,9
Cloudera,2022-12-01,21,21,0
Cloudera,2023-01-01,18,24,-6
Cloudera,2023-02-01,36,12,24
Cloudera,2023-03-01,36,24,12
Cloudera,2023-04-01,24,12,12
Cloudera,2023-05-01,18,27,-9
Cloudera,2023-06-01,21,21,0
Cloudera,2023-07-01,63,6,57
Cloudera,2023-08-01,36,51,-15
Cloudera,2023-09-01,18,27,-9
Cloudera,2023-10-01,30,33,-3
Cloudera,2023-11-01,27,15,12
Cloudera,2023-12-01,12,12,0
Cloudera,2024-01-01,15,36,-21
Cloudera,2024-02-01,27,18,9
Cloudera,2024-03-01,24,15,9
Cloudera,2024-04-01,21,12,9
Cloudera,2024-05-01,45,45,0
Cloudera,2024-06-01,27,12,15
Cloudera,2024-07-01,33,30,3
Cloudera,2024-08-01,15,18,-3
Cloudera,2024-09-01,18,9,9
Cloudera,2024-10-01,9,12,-3
Cloudera,2024-11-01,6,3,3
Couchbase,2015-01-01,114,120,-6
Couchbase,2015-02-01,148,142,6
Couchbase,2015-03-01,168,174,-6
Couchbase,2015-04-01,137,116,21
Couchbase,2015-05-01,164,129,35
Couchbase,2015-06-01,155,126,29
Couchbase,2015-07-01,141,117,24
Couchbase,2015-08-01,180,120,60
Couchbase,2015-09-01,172,131,41
Couchbase,2015-10-01,136,113,23
Couchbase,2015-11-01,130,106,24
Couchbase,2015-12-01,131,126,5
Couchbase,2016-01-01,249,194,55
Couchbase,2016-02-01,238,193,45
Couchbase,2016-03-01,183,145,38
Couchbase,2016-04-01,146,199,-53
Couchbase,2016-05-01,155,117,38
Couchbase,2016-06-01,221,197,24
Couchbase,2016-07-01,199,177,22
Couchbase,2016-08-01,139,129,10
Couchbase,2016-09-01,157,192,-35
Couchbase,2016-10-01,143,177,-34
Couchbase,2016-11-01,83,55,28
Couchbase,2016-12-01,70,75,-5
Couchbase,2017-01-01,138,140,-2
Couchbase,2017-02-01,142,104,38
Couchbase,2017-03-01,188,149,39
Couchbase,2017-04-01,133,91,42
Couchbase,2017-05-01,182,115,67
Couchbase,2017-06-01,184,132,52
Couchbase,2017-07-01,151,124,27
Couchbase,2017-08-01,168,174,-6
Couchbase,2017-09-01,139,160,-21
Couchbase,2017-10-01,118,104,14
Couchbase,2017-11-01,131,174,-43
Couchbase,2017-12-01,124,90,34
Couchbase,2018-01-01,199,231,-32
Couchbase,2018-02-01,189,213,-24
Couchbase,2018-03-01,206,179,27
Couchbase,2018-04-01,113,115,-2
Couchbase,2018-05-01,89,59,30
Couchbase,2018-06-01,48,40,8
Couchbase,2018-07-01,41,57,-16
Couchbase,2018-08-01,64,75,-11
Couchbase,2018-09-01,50,59,-9
Couchbase,2018-10-01,65,90,-25
Couchbase,2018-11-01,58,71,-13
Couchbase,2018-12-01,83,77,6
Couchbase,2019-01-01,87,105,-18
Couchbase,2019-02-01,36,57,-21
Couchbase,2019-03-01,54,64,-10
Couchbase,2019-04-01,67,56,11
Couchbase,2019-05-01,48,58,-10
Couchbase,2019-06-01,36,86,-50
Couchbase,2019-07-01,14,13,1
Couchbase,2019-08-01,11,43,-32
Couchbase,2019-09-01,19,38,-19
Couchbase,2019-10-01,13,4,9
Couchbase,2019-11-01,6,4,2
Couchbase,2019-12-01,12,77,-65
Couchbase,2020-01-01,12,22,-10
Couchbase,2020-02-01,13,54,-41
Couchbase,2020-03-01,3,180,-177
Couchbase,2020-04-01,15,15,0
Couchbase,2020-05-01,19,12,7
Couchbase,2020-06-01,17,18,-1
Couchbase,2020-07-01,21,15,6
Couchbase,2020-08-01,10,11,-1
Couchbase,2020-09-01,3,20,-17
Couchbase,2020-10-01,9,10,-1
Couchbase,2020-11-01,14,15,-1
Couchbase,2020-12-01,6,7,-1
Couchbase,2021-01-01,6,13,-7
Couchbase,2021-02-01,5,0,5
Couchbase,2021-03-01,5,4,1
Couchbase,2021-04-01,8,7,1
Couchbase,2021-05-01,2,2,0
Couchbase,2021-06-01,4,3,1
Couchbase,2021-07-01,14,9,5
Couchbase,2021-08-01,10,10,0
Couchbase,2021-09-01,11,15,-4
Couchbase,2021-10-01,4,66,-62
Couchbase,2021-11-01,7,8,-1
Couchbase,2021-12-01,5,3,2
Couchbase,2022-01-01,2,5,-3
Couchbase,2022-02-01,11,5,6
Couchbase,2022-03-01,5,13,-8
Couchbase,2022-04-01,7,3,4
Couchbase,2022-05-01,6,3,3
Couchbase,2022-06-01,7,2,5
Couchbase,2022-07-01,7,3,4
Couchbase,2022-08-01,12,11,1
Couchbase,2022-09-01,7,7,0
Couchbase,2022-10-01,3,7,-4
Couchbase,2022-11-01,2,6,-4
Couchbase,2022-12-01,1,1,0
Couchbase,2023-01-01,1,4,-3
Couchbase,2023-02-01,1,2,-1
Couchbase,2023-03-01,40,16,24
Couchbase,2023-04-01,23,12,11
Couchbase,2023-05-01,15,14,1
Couchbase,2023-06-01,8,2,6
Couchbase,2023-07-01,14,2,12
Couchbase,2023-08-01,2,3,-1
Couchbase,2023-09-01,3,4,-1
Couchbase,2023-10-01,5,27,-22
Couchbase,2023-11-01,8,5,3
Couchbase,2023-12-01,1,1,0
Couchbase,2024-01-01,2,3,-1
Couchbase,2024-02-01,4,11,-7
Couchbase,2024-03-01,2,2,0
Couchbase,2024-04-01,0,1,-1
Couchbase,2024-05-01,1,3,-2
Couchbase,2024-06-01,4,5,-1
Couchbase,2024-07-01,3,3,0
Couchbase,2024-08-01,2,2,0
Couchbase,2024-09-01,6,5,1
Couchbase,2024-10-01,14,12,2
Couchbase,2024-11-01,5,2,3
DCloud,2015-01-01,7,5,2
DCloud,2015-02-01,5,1,4
DCloud,2015-03-01,4,1,3
DCloud,2015-04-01,2,0,2
DCloud,2015-05-01,11,3,8
DCloud,2015-06-01,6,1,5
DCloud,2015-07-01,11,1,10
DCloud,2015-08-01,6,1,5
DCloud,2015-09-01,17,3,14
DCloud,2015-10-01,5,0,5
DCloud,2015-11-01,8,2,6
DCloud,2015-12-01,13,4,9
DCloud,2016-01-01,8,4,4
DCloud,2016-02-01,3,0,3
DCloud,2016-03-01,13,12,1
DCloud,2016-04-01,7,5,2
DCloud,2016-05-01,21,3,18
DCloud,2016-06-01,7,1,6
DCloud,2016-07-01,13,3,10
DCloud,2016-08-01,16,4,12
DCloud,2016-09-01,13,2,11
DCloud,2016-10-01,6,3,3
DCloud,2016-11-01,4,0,4
DCloud,2016-12-01,7,5,2
DCloud,2017-01-01,3,3,0
DCloud,2017-02-01,5,0,5
DCloud,2017-03-01,9,2,7
DCloud,2017-04-01,13,0,13
DCloud,2017-05-01,6,1,5
DCloud,2017-06-01,17,2,15
DCloud,2017-07-01,12,2,10
DCloud,2017-08-01,9,0,9
DCloud,2017-09-01,11,5,6
DCloud,2017-10-01,7,0,7
DCloud,2017-11-01,11,1,10
DCloud,2017-12-01,11,11,0
DCloud,2018-01-01,14,3,11
DCloud,2018-02-01,5,2,3
DCloud,2018-03-01,10,1,9
DCloud,2018-04-01,8,0,8
DCloud,2018-05-01,10,0,10
DCloud,2018-06-01,7,0,7
DCloud,2018-07-01,9,1,8
DCloud,2018-08-01,30,10,20
DCloud,2018-09-01,16,7,9
DCloud,2018-10-01,23,10,13
DCloud,2018-11-01,27,17,10
DCloud,2018-12-01,41,20,21
DCloud,2019-01-01,58,61,-3
DCloud,2019-02-01,40,25,15
DCloud,2019-03-01,53,51,2
DCloud,2019-04-01,115,60,55
DCloud,2019-05-01,73,28,45
DCloud,2019-06-01,91,106,-15
DCloud,2019-07-01,113,74,39
DCloud,2019-08-01,114,90,24
DCloud,2019-09-01,114,99,15
DCloud,2019-10-01,100,74,26
DCloud,2019-11-01,157,111,46
DCloud,2019-12-01,162,114,48
DCloud,2020-01-01,101,81,20
DCloud,2020-02-01,61,26,35
DCloud,2020-03-01,144,53,91
DCloud,2020-04-01,138,72,66
DCloud,2020-05-01,120,41,79
DCloud,2020-06-01,121,95,26
DCloud,2020-07-01,129,190,-61
DCloud,2020-08-01,121,75,46
DCloud,2020-09-01,78,25,53
DCloud,2020-10-01,81,25,56
DCloud,2020-11-01,83,16,67
DCloud,2020-12-01,81,44,37
DCloud,2021-01-01,62,22,40
DCloud,2021-02-01,68,54,14
DCloud,2021-03-01,77,46,31
DCloud,2021-04-01,83,96,-13
DCloud,2021-05-01,57,10,47
DCloud,2021-06-01,71,87,-16
DCloud,2021-07-01,79,64,15
DCloud,2021-08-01,80,39,41
DCloud,2021-09-01,93,135,-42
DCloud,2021-10-01,20,17,3
DCloud,2021-11-01,91,56,35
DCloud,2021-12-01,132,144,-12
DCloud,2022-01-01,116,74,42
DCloud,2022-02-01,56,34,22
DCloud,2022-03-01,106,67,39
DCloud,2022-04-01,115,124,-9
DCloud,2022-05-01,109,60,49
DCloud,2022-06-01,120,63,57
DCloud,2022-07-01,102,98,4
DCloud,2022-08-01,90,55,35
DCloud,2022-09-01,97,142,-45
DCloud,2022-10-01,92,65,27
DCloud,2022-11-01,75,29,46
DCloud,2022-12-01,78,55,23
DCloud,2023-01-01,48,35,13
DCloud,2023-02-01,135,63,72
DCloud,2023-03-01,66,55,11
DCloud,2023-04-01,72,38,34
DCloud,2023-05-01,76,27,49
DCloud,2023-06-01,58,13,45
DCloud,2023-07-01,63,14,49
DCloud,2023-08-01,52,10,42
DCloud,2023-09-01,53,9,44
DCloud,2023-10-01,34,16,18
DCloud,2023-11-01,39,15,24
DCloud,2023-12-01,42,12,30
DCloud,2024-01-01,59,494,-435
DCloud,2024-02-01,38,89,-51
DCloud,2024-03-01,53,47,6
DCloud,2024-04-01,60,18,42
DCloud,2024-05-01,62,19,43
DCloud,2024-06-01,70,26,44
DCloud,2024-07-01,65,34,31
DCloud,2024-08-01,54,30,24
DCloud,2024-09-01,53,84,-31
DCloud,2024-10-01,37,44,-7
DCloud,2024-11-01,8,1,7
DaoCloud,2015-06-01,2,2,0
DaoCloud,2015-08-01,2,2,0
DaoCloud,2015-09-01,4,4,0
DaoCloud,2016-02-01,4,0,4
DaoCloud,2016-03-01,4,2,2
DaoCloud,2016-04-01,2,2,0
DaoCloud,2016-07-01,4,0,4
DaoCloud,2016-08-01,12,6,6
DaoCloud,2016-09-01,2,8,-6
DaoCloud,2016-10-01,2,0,2
DaoCloud,2016-11-01,4,0,4
DaoCloud,2016-12-01,4,0,4
DaoCloud,2017-02-01,2,0,2
DaoCloud,2017-05-01,2,0,2
DaoCloud,2017-11-01,2,0,2
DaoCloud,2018-06-01,4,0,4
DaoCloud,2018-08-01,0,2,-2
DaoCloud,2018-09-01,2,0,2
DaoCloud,2018-10-01,2,6,-4
DaoCloud,2018-11-01,4,2,2
DaoCloud,2018-12-01,2,2,0
DaoCloud,2019-01-01,2,4,-2
DaoCloud,2019-03-01,2,2,0
DaoCloud,2019-04-01,4,2,2
DaoCloud,2019-05-01,2,0,2
DaoCloud,2019-09-01,0,2,-2
DaoCloud,2019-12-01,4,4,0
DaoCloud,2020-01-01,2,0,2
DaoCloud,2020-02-01,4,4,0
DaoCloud,2020-03-01,8,8,0
DaoCloud,2020-04-01,22,6,16
DaoCloud,2020-05-01,14,20,-6
DaoCloud,2020-06-01,14,6,8
DaoCloud,2020-07-01,20,12,8
DaoCloud,2020-08-01,22,14,8
DaoCloud,2020-09-01,2,10,-8
DaoCloud,2020-10-01,16,12,4
DaoCloud,2020-11-01,20,8,12
DaoCloud,2020-12-01,20,12,8
DaoCloud,2021-01-01,22,30,-8
DaoCloud,2021-02-01,10,6,4
DaoCloud,2021-03-01,8,8,0
DaoCloud,2021-04-01,8,12,-4
DaoCloud,2021-05-01,20,6,14
DaoCloud,2021-06-01,14,10,4
DaoCloud,2021-07-01,18,14,4
DaoCloud,2021-08-01,16,4,12
DaoCloud,2021-09-01,56,14,42
DaoCloud,2021-10-01,8,0,8
DaoCloud,2021-11-01,22,14,8
DaoCloud,2021-12-01,74,46,28
DaoCloud,2022-01-01,48,32,16
DaoCloud,2022-02-01,46,36,10
DaoCloud,2022-03-01,100,46,54
DaoCloud,2022-04-01,106,50,56
DaoCloud,2022-05-01,70,78,-8
DaoCloud,2022-06-01,112,86,26
DaoCloud,2022-07-01,176,120,56
DaoCloud,2022-08-01,324,208,116
DaoCloud,2022-09-01,320,222,98
DaoCloud,2022-10-01,322,288,34
DaoCloud,2022-11-01,422,390,32
DaoCloud,2022-12-01,444,264,180
DaoCloud,2023-01-01,188,142,46
DaoCloud,2023-02-01,340,260,80
DaoCloud,2023-03-01,392,376,16
DaoCloud,2023-04-01,400,260,140
DaoCloud,2023-05-01,338,556,-218
DaoCloud,2023-06-01,372,242,130
DaoCloud,2023-07-01,492,336,156
DaoCloud,2023-08-01,374,240,134
DaoCloud,2023-09-01,354,254,100
DaoCloud,2023-10-01,718,590,128
DaoCloud,2023-11-01,2254,2080,174
DaoCloud,2023-12-01,1022,654,368
DaoCloud,2024-01-01,812,650,162
DaoCloud,2024-02-01,474,482,-8
DaoCloud,2024-03-01,640,552,88
DaoCloud,2024-04-01,1342,1186,156
DaoCloud,2024-05-01,1590,1358,232
DaoCloud,2024-06-01,27472,27284,188
DaoCloud,2024-07-01,11986,11638,348
DaoCloud,2024-08-01,8980,8820,160
DaoCloud,2024-09-01,6486,6244,242
DaoCloud,2024-10-01,4284,4026,258
DaoCloud,2024-11-01,1740,1640,100
DataCanvas,2021-11-01,3,3,0
DataCanvas,2021-12-01,4,4,0
DataCanvas,2022-01-01,4,3,1
DataCanvas,2022-02-01,6,5,1
DataCanvas,2022-03-01,9,9,0
DataCanvas,2022-04-01,5,5,0
DataCanvas,2022-05-01,7,8,-1
DataCanvas,2022-06-01,5,3,2
DataCanvas,2022-07-01,1,1,0
DataCanvas,2022-08-01,11,10,1
DataCanvas,2022-09-01,9,9,0
DataCanvas,2022-10-01,3,4,-1
DataCanvas,2022-11-01,2,2,0
DataCanvas,2023-01-01,2,2,0
DataCanvas,2023-06-01,1,0,1
DataCanvas,2023-08-01,0,1,-1
DataCanvas,2023-09-01,0,1,-1
DataCanvas,2024-01-01,1,0,1
DataCanvas,2024-03-01,2,1,1
DataCanvas,2024-08-01,1,0,1
DataCanvas,2024-10-01,1,0,1
Databricks,2015-01-01,13,6,7
Databricks,2015-02-01,20,13,7
Databricks,2015-03-01,17,18,-1
Databricks,2015-04-01,15,8,7
Databricks,2015-05-01,26,10,16
Databricks,2015-06-01,23,15,8
Databricks,2015-07-01,28,23,5
Databricks,2015-08-01,35,27,8
Databricks,2015-09-01,31,18,13
Databricks,2015-10-01,28,16,12
Databricks,2015-11-01,49,27,22
Databricks,2015-12-01,70,55,15
Databricks,2016-01-01,94,50,44
Databricks,2016-02-01,82,61,21
Databricks,2016-03-01,84,43,41
Databricks,2016-04-01,72,32,40
Databricks,2016-05-01,64,41,23
Databricks,2016-06-01,82,50,32
Databricks,2016-07-01,94,56,38
Databricks,2016-08-01,79,52,27
Databricks,2016-09-01,57,43,14
Databricks,2016-10-01,63,52,11
Databricks,2016-11-01,72,80,-8
Databricks,2016-12-01,66,46,20
Databricks,2017-01-01,57,46,11
Databricks,2017-02-01,71,43,28
Databricks,2017-03-01,61,33,28
Databricks,2017-04-01,52,35,17
Databricks,2017-05-01,51,30,21
Databricks,2017-06-01,63,26,37
Databricks,2017-07-01,40,15,25
Databricks,2017-08-01,44,28,16
Databricks,2017-09-01,46,34,12
Databricks,2017-10-01,66,22,44
Databricks,2017-11-01,47,25,22
Databricks,2017-12-01,50,30,20
Databricks,2018-01-01,53,28,25
Databricks,2018-02-01,42,54,-12
Databricks,2018-03-01,77,32,45
Databricks,2018-04-01,72,40,32
Databricks,2018-05-01,46,24,22
Databricks,2018-06-01,101,44,57
Databricks,2018-07-01,98,46,52
Databricks,2018-08-01,49,29,20
Databricks,2018-09-01,56,24,32
Databricks,2018-10-01,75,40,35
Databricks,2018-11-01,52,41,11
Databricks,2018-12-01,37,127,-90
Databricks,2019-01-01,71,58,13
Databricks,2019-02-01,56,37,19
Databricks,2019-03-01,62,51,11
Databricks,2019-04-01,100,68,32
Databricks,2019-05-01,152,117,35
Databricks,2019-06-01,77,61,16
Databricks,2019-07-01,66,62,4
Databricks,2019-08-01,99,74,25
Databricks,2019-09-01,99,74,25
Databricks,2019-10-01,120,70,50
Databricks,2019-11-01,100,72,28
Databricks,2019-12-01,66,53,13
Databricks,2020-01-01,76,61,15
Databricks,2020-02-01,80,64,16
Databricks,2020-03-01,75,99,-24
Databricks,2020-04-01,92,62,30
Databricks,2020-05-01,83,56,27
Databricks,2020-06-01,72,45,27
Databricks,2020-07-01,69,56,13
Databricks,2020-08-01,60,48,12
Databricks,2020-09-01,64,39,25
Databricks,2020-10-01,58,39,19
Databricks,2020-11-01,45,29,16
Databricks,2020-12-01,50,31,19
Databricks,2021-01-01,53,34,19
Databricks,2021-02-01,63,33,30
Databricks,2021-03-01,80,38,42
Databricks,2021-04-01,62,61,1
Databricks,2021-05-01,75,44,31
Databricks,2021-06-01,64,42,22
Databricks,2021-07-01,55,29,26
Databricks,2021-08-01,98,92,6
Databricks,2021-09-01,62,30,32
Databricks,2021-10-01,20,46,-26
Databricks,2021-11-01,58,29,29
Databricks,2021-12-01,64,32,32
Databricks,2022-01-01,50,41,9
Databricks,2022-02-01,52,31,21
Databricks,2022-03-01,68,42,26
Databricks,2022-04-01,57,60,-3
Databricks,2022-05-01,71,81,-10
Databricks,2022-06-01,103,58,45
Databricks,2022-07-01,127,81,46
Databricks,2022-08-01,122,105,17
Databricks,2022-09-01,119,106,13
Databricks,2022-10-01,133,81,52
Databricks,2022-11-01,144,83,61
Databricks,2022-12-01,138,102,36
Databricks,2023-01-01,146,99,47
Databricks,2023-02-01,161,85,76
Databricks,2023-03-01,206,118,88
Databricks,2023-04-01,146,90,56
Databricks,2023-05-01,187,132,55
Databricks,2023-06-01,270,159,111
Databricks,2023-07-01,190,131,59
Databricks,2023-08-01,232,141,91
Databricks,2023-09-01,241,191,50
Databricks,2023-10-01,251,238,13
Databricks,2023-11-01,266,200,66
Databricks,2023-12-01,153,88,65
Databricks,2024-01-01,272,217,55
Databricks,2024-02-01,189,121,68
Databricks,2024-03-01,212,139,73
Databricks,2024-04-01,218,170,48
Databricks,2024-05-01,186,116,70
Databricks,2024-06-01,185,119,66
Databricks,2024-07-01,201,139,62
Databricks,2024-08-01,201,170,31
Databricks,2024-09-01,153,76,77
Databricks,2024-10-01,167,108,59
Databricks,2024-11-01,32,20,12
Deepin,2015-01-01,3,0,3
Deepin,2015-06-01,1,0,1
Deepin,2015-08-01,2,0,2
Deepin,2015-11-01,2,0,2
Deepin,2015-12-01,8,2,6
Deepin,2016-01-01,13,8,5
Deepin,2016-02-01,29,19,10
Deepin,2016-03-01,63,13,50
Deepin,2016-04-01,9,4,5
Deepin,2016-05-01,26,16,10
Deepin,2016-06-01,17,9,8
Deepin,2016-07-01,14,60,-46
Deepin,2016-08-01,29,20,9
Deepin,2016-09-01,30,19,11
Deepin,2016-10-01,22,22,0
Deepin,2016-11-01,9,5,4
Deepin,2016-12-01,18,3,15
Deepin,2017-01-01,36,17,19
Deepin,2017-02-01,47,16,31
Deepin,2017-03-01,60,30,30
Deepin,2017-04-01,102,70,32
Deepin,2017-05-01,30,22,8
Deepin,2017-06-01,55,32,23
Deepin,2017-07-01,50,34,16
Deepin,2017-08-01,37,11,26
Deepin,2017-09-01,29,12,17
Deepin,2017-10-01,42,22,20
Deepin,2017-11-01,80,117,-37
Deepin,2017-12-01,65,30,35
Deepin,2018-01-01,62,40,22
Deepin,2018-02-01,42,13,29
Deepin,2018-03-01,42,8,34
Deepin,2018-04-01,47,9,38
Deepin,2018-05-01,57,23,34
Deepin,2018-06-01,60,21,39
Deepin,2018-07-01,53,25,28
Deepin,2018-08-01,41,31,10
Deepin,2018-09-01,37,14,23
Deepin,2018-10-01,170,39,131
Deepin,2018-11-01,484,351,133
Deepin,2018-12-01,278,199,79
Deepin,2019-01-01,282,233,49
Deepin,2019-02-01,172,71,101
Deepin,2019-03-01,337,144,193
Deepin,2019-04-01,464,301,163
Deepin,2019-05-01,320,113,207
Deepin,2019-06-01,259,121,138
Deepin,2019-07-01,387,83,304
Deepin,2019-08-01,221,55,166
Deepin,2019-09-01,183,19,164
Deepin,2019-10-01,138,23,115
Deepin,2019-11-01,131,19,112
Deepin,2019-12-01,94,10,84
Deepin,2020-01-01,44,13,31
Deepin,2020-02-01,29,8,21
Deepin,2020-03-01,29,8,21
Deepin,2020-04-01,57,19,38
Deepin,2020-05-01,103,29,74
Deepin,2020-06-01,80,43,37
Deepin,2020-07-01,78,58,20
Deepin,2020-08-01,94,34,60
Deepin,2020-09-01,125,52,73
Deepin,2020-10-01,94,37,57
Deepin,2020-11-01,99,27,72
Deepin,2020-12-01,73,66,7
Deepin,2021-01-01,67,112,-45
Deepin,2021-02-01,69,54,15
Deepin,2021-03-01,97,37,60
Deepin,2021-04-01,84,2403,-2319
Deepin,2021-05-01,89,86,3
Deepin,2021-06-01,157,33,124
Deepin,2021-07-01,48,10,38
Deepin,2021-08-01,27,9,18
Deepin,2021-09-01,24,18,6
Deepin,2021-10-01,14,14,0
Deepin,2021-11-01,23,13,10
Deepin,2021-12-01,48,86,-38
Deepin,2022-01-01,51,99,-48
Deepin,2022-02-01,46,96,-50
Deepin,2022-03-01,633,228,405
Deepin,2022-04-01,86,229,-143
Deepin,2022-05-01,55,74,-19
Deepin,2022-06-01,43,42,1
Deepin,2022-07-01,30,46,-16
Deepin,2022-08-01,30,44,-14
Deepin,2022-09-01,18,16,2
Deepin,2022-10-01,15,9,6
Deepin,2022-11-01,12,13,-1
Deepin,2022-12-01,42,29,13
Deepin,2023-01-01,19,16,3
Deepin,2023-02-01,351,100,251
Deepin,2023-03-01,154,169,-15
Deepin,2023-04-01,352,215,137
Deepin,2023-05-01,290,220,70
Deepin,2023-06-01,243,151,92
Deepin,2023-07-01,238,146,92
Deepin,2023-08-01,314,222,92
Deepin,2023-09-01,381,311,70
Deepin,2023-10-01,240,119,121
Deepin,2023-11-01,297,237,60
Deepin,2023-12-01,321,239,82
Deepin,2024-01-01,511,486,25
Deepin,2024-02-01,123,211,-88
Deepin,2024-03-01,365,301,64
Deepin,2024-04-01,661,540,121
Deepin,2024-05-01,511,458,53
Deepin,2024-06-01,577,378,199
Deepin,2024-07-01,593,555,38
Deepin,2024-08-01,425,579,-154
Deepin,2024-09-01,182,125,57
Deepin,2024-10-01,102,91,11
Deepin,2024-11-01,30,29,1
Deno,2018-08-01,154,114,40
Deno,2018-09-01,122,86,36
Deno,2018-10-01,136,86,50
Deno,2018-11-01,74,36,38
Deno,2018-12-01,98,54,44
Deno,2019-01-01,120,90,30
Deno,2019-02-01,174,194,-20
Deno,2019-03-01,102,64,38
Deno,2019-04-01,172,156,16
Deno,2019-05-01,162,154,8
Deno,2019-06-01,132,132,0
Deno,2019-07-01,106,78,28
Deno,2019-08-01,108,76,32
Deno,2019-09-01,126,118,8
Deno,2019-10-01,174,110,64
Deno,2019-11-01,146,106,40
Deno,2019-12-01,172,158,14
Deno,2020-01-01,246,204,42
Deno,2020-02-01,316,256,60
Deno,2020-03-01,292,228,64
Deno,2020-04-01,384,280,104
Deno,2020-05-01,1332,852,480
Deno,2020-06-01,722,568,154
Deno,2020-07-01,368,308,60
Deno,2020-08-01,490,522,-32
Deno,2020-09-01,574,566,8
Deno,2020-10-01,548,414,134
Deno,2020-11-01,426,458,-32
Deno,2020-12-01,416,330,86
Deno,2021-01-01,462,668,-206
Deno,2021-02-01,338,408,-70
Deno,2021-03-01,438,316,122
Deno,2021-04-01,616,474,142
Deno,2021-05-01,430,302,128
Deno,2021-06-01,524,416,108
Deno,2021-07-01,510,384,126
Deno,2021-08-01,398,328,70
Deno,2021-09-01,460,338,122
Deno,2021-10-01,210,172,38
Deno,2021-11-01,506,342,164
Deno,2021-12-01,494,394,100
Deno,2022-01-01,490,404,86
Deno,2022-02-01,394,202,192
Deno,2022-03-01,520,288,232
Deno,2022-04-01,412,226,186
Deno,2022-05-01,478,336,142
Deno,2022-06-01,474,364,110
Deno,2022-07-01,730,552,178
Deno,2022-08-01,714,438,276
Deno,2022-09-01,672,538,134
Deno,2022-10-01,476,296,180
Deno,2022-11-01,546,394,152
Deno,2022-12-01,520,430,90
Deno,2023-01-01,570,538,32
Deno,2023-02-01,558,274,284
Deno,2023-03-01,646,370,276
Deno,2023-04-01,574,464,110
Deno,2023-05-01,720,568,152
Deno,2023-06-01,610,494,116
Deno,2023-07-01,792,576,216
Deno,2023-08-01,682,450,232
Deno,2023-09-01,818,682,136
Deno,2023-10-01,602,482,120
Deno,2023-11-01,626,442,184
Deno,2023-12-01,592,306,286
Deno,2024-01-01,736,440,296
Deno,2024-02-01,700,348,352
Deno,2024-03-01,726,594,132
Deno,2024-04-01,574,384,190
Deno,2024-05-01,644,412,232
Deno,2024-06-01,458,714,-256
Deno,2024-07-01,682,816,-134
Deno,2024-08-01,756,744,12
Deno,2024-09-01,816,1126,-310
Deno,2024-10-01,1282,1012,270
Deno,2024-11-01,204,130,74
Didi,2017-06-01,19,3,16
Didi,2017-07-01,71,45,26
Didi,2017-08-01,15,2,13
Didi,2017-09-01,18,11,7
Didi,2017-10-01,7,3,4
Didi,2017-11-01,37,21,16
Didi,2017-12-01,32,28,4
Didi,2018-01-01,29,15,14
Didi,2018-02-01,19,19,0
Didi,2018-03-01,36,94,-58
Didi,2018-04-01,56,54,2
Didi,2018-05-01,72,83,-11
Didi,2018-06-01,33,32,1
Didi,2018-07-01,58,47,11
Didi,2018-08-01,57,68,-11
Didi,2018-09-01,33,33,0
Didi,2018-10-01,34,31,3
Didi,2018-11-01,36,34,2
Didi,2018-12-01,46,36,10
Didi,2019-01-01,95,92,3
Didi,2019-02-01,85,73,12
Didi,2019-03-01,129,104,25
Didi,2019-04-01,130,118,12
Didi,2019-05-01,103,80,23
Didi,2019-06-01,132,110,22
Didi,2019-07-01,119,101,18
Didi,2019-08-01,144,97,47
Didi,2019-09-01,135,107,28
Didi,2019-10-01,85,69,16
Didi,2019-11-01,77,45,32
Didi,2019-12-01,65,60,5
Didi,2020-01-01,44,30,14
Didi,2020-02-01,52,57,-5
Didi,2020-03-01,71,62,9
Didi,2020-04-01,81,77,4
Didi,2020-05-01,91,50,41
Didi,2020-06-01,61,40,21
Didi,2020-07-01,53,30,23
Didi,2020-08-01,62,42,20
Didi,2020-09-01,55,39,16
Didi,2020-10-01,46,20,26
Didi,2020-11-01,58,31,27
Didi,2020-12-01,55,44,11
Didi,2021-01-01,68,48,20
Didi,2021-02-01,31,24,7
Didi,2021-03-01,65,36,29
Didi,2021-04-01,73,59,14
Didi,2021-05-01,62,68,-6
Didi,2021-06-01,45,24,21
Didi,2021-07-01,50,49,1
Didi,2021-08-01,76,35,41
Didi,2021-09-01,51,49,2
Didi,2021-10-01,9,5,4
Didi,2021-11-01,58,32,26
Didi,2021-12-01,53,41,12
Didi,2022-01-01,41,18,23
Didi,2022-02-01,30,40,-10
Didi,2022-03-01,47,49,-2
Didi,2022-04-01,76,46,30
Didi,2022-05-01,51,47,4
Didi,2022-06-01,60,46,14
Didi,2022-07-01,55,45,10
Didi,2022-08-01,68,67,1
Didi,2022-09-01,100,85,15
Didi,2022-10-01,100,93,7
Didi,2022-11-01,109,73,36
Didi,2022-12-01,81,63,18
Didi,2023-01-01,49,50,-1
Didi,2023-02-01,89,63,26
Didi,2023-03-01,69,46,23
Didi,2023-04-01,77,57,20
Didi,2023-05-01,60,54,6
Didi,2023-06-01,95,58,37
Didi,2023-07-01,77,69,8
Didi,2023-08-01,70,84,-14
Didi,2023-09-01,59,44,15
Didi,2023-10-01,61,51,10
Didi,2023-11-01,72,55,17
Didi,2023-12-01,33,27,6
Didi,2024-01-01,53,37,16
Didi,2024-02-01,21,16,5
Didi,2024-03-01,57,42,15
Didi,2024-04-01,57,32,25
Didi,2024-05-01,50,22,28
Didi,2024-06-01,46,19,27
Didi,2024-07-01,64,58,6
Didi,2024-08-01,75,81,-6
Didi,2024-09-01,53,44,9
Didi,2024-10-01,57,51,6
Didi,2024-11-01,11,4,7
Docker,2015-01-01,82,63,19
Docker,2015-02-01,135,103,32
Docker,2015-03-01,281,143,138
Docker,2015-04-01,208,125,83
Docker,2015-05-01,178,136,42
Docker,2015-06-01,229,126,103
Docker,2015-07-01,240,219,21
Docker,2015-08-01,246,183,63
Docker,2015-09-01,248,307,-59
Docker,2015-10-01,298,291,7
Docker,2015-11-01,412,327,85
Docker,2015-12-01,335,306,29
Docker,2016-01-01,383,377,6
Docker,2016-02-01,434,350,84
Docker,2016-03-01,433,271,162
Docker,2016-04-01,341,295,46
Docker,2016-05-01,297,152,145
Docker,2016-06-01,297,189,108
Docker,2016-07-01,319,163,156
Docker,2016-08-01,792,489,303
Docker,2016-09-01,571,645,-74
Docker,2016-10-01,470,358,112
Docker,2016-11-01,449,385,64
Docker,2016-12-01,420,310,110
Docker,2017-01-01,513,479,34
Docker,2017-02-01,487,439,48
Docker,2017-03-01,556,449,107
Docker,2017-04-01,531,321,210
Docker,2017-05-01,816,553,263
Docker,2017-06-01,875,514,361
Docker,2017-07-01,848,639,209
Docker,2017-08-01,753,542,211
Docker,2017-09-01,714,422,292
Docker,2017-10-01,789,605,184
Docker,2017-11-01,698,481,217
Docker,2017-12-01,622,429,193
Docker,2018-01-01,817,578,239
Docker,2018-02-01,656,503,153
Docker,2018-03-01,748,653,95
Docker,2018-04-01,545,426,119
Docker,2018-05-01,555,948,-393
Docker,2018-06-01,527,297,230
Docker,2018-07-01,621,477,144
Docker,2018-08-01,564,577,-13
Docker,2018-09-01,512,357,155
Docker,2018-10-01,511,364,147
Docker,2018-11-01,578,418,160
Docker,2018-12-01,513,398,115
Docker,2019-01-01,555,659,-104
Docker,2019-02-01,554,362,192
Docker,2019-03-01,623,611,12
Docker,2019-04-01,554,384,170
Docker,2019-05-01,585,563,22
Docker,2019-06-01,520,404,116
Docker,2019-07-01,661,489,172
Docker,2019-08-01,703,505,198
Docker,2019-09-01,565,364,201
Docker,2019-10-01,621,725,-104
Docker,2019-11-01,547,477,70
Docker,2019-12-01,471,483,-12
Docker,2020-01-01,640,587,53
Docker,2020-02-01,571,539,32
Docker,2020-03-01,687,618,69
Docker,2020-04-01,794,680,114
Docker,2020-05-01,957,723,234
Docker,2020-06-01,910,665,245
Docker,2020-07-01,799,622,177
Docker,2020-08-01,648,568,80
Docker,2020-09-01,856,789,67
Docker,2020-10-01,960,810,150
Docker,2020-11-01,674,629,45
Docker,2020-12-01,747,603,144
Docker,2021-01-01,642,610,32
Docker,2021-02-01,585,639,-54
Docker,2021-03-01,702,610,92
Docker,2021-04-01,681,556,125
Docker,2021-05-01,575,990,-415
Docker,2021-06-01,564,1070,-506
Docker,2021-07-01,582,523,59
Docker,2021-08-01,497,468,29
Docker,2021-09-01,597,450,147
Docker,2021-10-01,169,142,27
Docker,2021-11-01,392,387,5
Docker,2021-12-01,339,298,41
Docker,2022-01-01,322,302,20
Docker,2022-02-01,330,262,68
Docker,2022-03-01,360,269,91
Docker,2022-04-01,349,562,-213
Docker,2022-05-01,368,276,92
Docker,2022-06-01,310,257,53
Docker,2022-07-01,332,315,17
Docker,2022-08-01,342,306,36
Docker,2022-09-01,312,261,51
Docker,2022-10-01,393,281,112
Docker,2022-11-01,393,446,-53
Docker,2022-12-01,359,869,-510
Docker,2023-01-01,448,564,-116
Docker,2023-02-01,491,368,123
Docker,2023-03-01,425,301,124
Docker,2023-04-01,412,387,25
Docker,2023-05-01,411,470,-59
Docker,2023-06-01,363,398,-35
Docker,2023-07-01,366,328,38
Docker,2023-08-01,367,382,-15
Docker,2023-09-01,381,981,-600
Docker,2023-10-01,384,256,128
Docker,2023-11-01,383,317,66
Docker,2023-12-01,265,122,143
Docker,2024-01-01,387,255,132
Docker,2024-02-01,397,254,143
Docker,2024-03-01,372,277,95
Docker,2024-04-01,336,211,125
Docker,2024-05-01,366,171,195
Docker,2024-06-01,343,247,96
Docker,2024-07-01,400,243,157
Docker,2024-08-01,338,219,119
Docker,2024-09-01,349,242,107
Docker,2024-10-01,365,367,-2
Docker,2024-11-01,81,49,32
Douban,2015-01-01,8,2,6
Douban,2015-02-01,1,0,1
Douban,2015-03-01,4,2,2
Douban,2015-04-01,13,15,-2
Douban,2015-05-01,4,3,1
Douban,2015-06-01,11,2,9
Douban,2015-07-01,3,2,1
Douban,2015-08-01,8,7,1
Douban,2015-09-01,6,7,-1
Douban,2015-10-01,3,3,0
Douban,2015-11-01,5,1,4
Douban,2015-12-01,25,24,1
Douban,2016-01-01,10,5,5
Douban,2016-02-01,2,4,-2
Douban,2016-03-01,8,2,6
Douban,2016-04-01,8,4,4
Douban,2016-05-01,8,3,5
Douban,2016-06-01,10,1,9
Douban,2016-07-01,9,7,2
Douban,2016-08-01,18,24,-6
Douban,2016-09-01,13,9,4
Douban,2016-10-01,16,9,7
Douban,2016-11-01,33,21,12
Douban,2016-12-01,21,11,10
Douban,2017-01-01,5,2,3
Douban,2017-02-01,8,2,6
Douban,2017-03-01,20,17,3
Douban,2017-04-01,19,8,11
Douban,2017-05-01,10,10,0
Douban,2017-06-01,7,8,-1
Douban,2017-07-01,8,8,0
Douban,2017-08-01,13,9,4
Douban,2017-09-01,7,7,0
Douban,2017-10-01,3,3,0
Douban,2017-11-01,5,1,4
Douban,2017-12-01,3,2,1
Douban,2018-01-01,8,1,7
Douban,2018-02-01,1,0,1
Douban,2018-03-01,7,9,-2
Douban,2018-04-01,0,2,-2
Douban,2018-05-01,6,15,-9
Douban,2018-06-01,4,5,-1
Douban,2018-07-01,6,5,1
Douban,2018-08-01,5,3,2
Douban,2018-09-01,2,2,0
Douban,2018-10-01,1,0,1
Douban,2018-11-01,1,1,0
Douban,2018-12-01,2,2,0
Douban,2019-01-01,2,1,1
Douban,2019-03-01,2,3,-1
Douban,2019-04-01,3,0,3
Douban,2019-05-01,4,0,4
Douban,2019-06-01,0,1,-1
Douban,2019-07-01,4,3,1
Douban,2019-08-01,3,6,-3
Douban,2019-09-01,1,1,0
Douban,2019-11-01,1,0,1
Douban,2019-12-01,4,1,3
Douban,2020-01-01,3,1,2
Douban,2020-02-01,2,0,2
Douban,2020-03-01,0,3,-3
Douban,2020-04-01,3,4,-1
Douban,2020-05-01,1,0,1
Douban,2020-06-01,9,5,4
Douban,2020-07-01,7,4,3
Douban,2020-08-01,4,0,4
Douban,2020-09-01,6,5,1
Douban,2020-10-01,3,0,3
Douban,2020-11-01,3,0,3
Douban,2020-12-01,3,3,0
Douban,2021-01-01,1,1,0
Douban,2021-02-01,1,2,-1
Douban,2021-03-01,0,1,-1
Douban,2021-04-01,0,1,-1
Douban,2021-05-01,3,1,2
Douban,2021-07-01,2,1,1
Douban,2021-08-01,1,0,1
Douban,2021-11-01,8,5,3
Douban,2021-12-01,1,1,0
Douban,2022-01-01,1,1,0
Douban,2022-04-01,1,0,1
Douban,2022-05-01,1,0,1
Douban,2022-06-01,1,0,1
Douban,2022-08-01,8,7,1
Douban,2022-11-01,0,1,-1
Douban,2022-12-01,1,0,1
Douban,2023-01-01,1,0,1
Douban,2023-02-01,0,1,-1
Douban,2023-03-01,1,0,1
Douban,2023-04-01,1,0,1
Douban,2023-05-01,1,0,1
Douban,2023-07-01,1,0,1
Douban,2023-09-01,3,2,1
Douban,2023-10-01,2,3,-1
Douban,2024-01-01,1,1,0
Douban,2024-04-01,3,2,1
Douban,2024-05-01,1,1,0
Douban,2024-06-01,2,3,-1
Douban,2024-07-01,1,1,0
Douban,2024-08-01,1,0,1
Douban,2024-09-01,0,3,-3
ESPRESSIF,2015-11-01,19,10,9
ESPRESSIF,2015-12-01,4,4,0
ESPRESSIF,2016-01-01,1,0,1
ESPRESSIF,2016-02-01,2,2,0
ESPRESSIF,2016-03-01,3,6,-3
ESPRESSIF,2016-04-01,8,1,7
ESPRESSIF,2016-05-01,4,3,1
ESPRESSIF,2016-06-01,2,1,1
ESPRESSIF,2016-07-01,3,1,2
ESPRESSIF,2016-08-01,5,4,1
ESPRESSIF,2016-09-01,36,20,16
ESPRESSIF,2016-10-01,58,31,27
ESPRESSIF,2016-11-01,101,58,43
ESPRESSIF,2016-12-01,97,89,8
ESPRESSIF,2017-01-01,148,101,47
ESPRESSIF,2017-02-01,129,102,27
ESPRESSIF,2017-03-01,132,93,39
ESPRESSIF,2017-04-01,125,96,29
ESPRESSIF,2017-05-01,162,124,38
ESPRESSIF,2017-06-01,159,108,51
ESPRESSIF,2017-07-01,180,97,83
ESPRESSIF,2017-08-01,152,136,16
ESPRESSIF,2017-09-01,183,130,53
ESPRESSIF,2017-10-01,239,188,51
ESPRESSIF,2017-11-01,220,196,24
ESPRESSIF,2017-12-01,195,159,36
ESPRESSIF,2018-01-01,230,148,82
ESPRESSIF,2018-02-01,187,112,75
ESPRESSIF,2018-03-01,252,156,96
ESPRESSIF,2018-04-01,208,245,-37
ESPRESSIF,2018-05-01,192,153,39
ESPRESSIF,2018-06-01,249,180,69
ESPRESSIF,2018-07-01,250,179,71
ESPRESSIF,2018-08-01,252,151,101
ESPRESSIF,2018-09-01,250,250,0
ESPRESSIF,2018-10-01,261,205,56
ESPRESSIF,2018-11-01,263,212,51
ESPRESSIF,2018-12-01,252,202,50
ESPRESSIF,2019-01-01,299,225,74
ESPRESSIF,2019-02-01,259,161,98
ESPRESSIF,2019-03-01,351,330,21
ESPRESSIF,2019-04-01,344,244,100
ESPRESSIF,2019-05-01,375,309,66
ESPRESSIF,2019-06-01,309,233,76
ESPRESSIF,2019-07-01,339,228,111
ESPRESSIF,2019-08-01,316,983,-667
ESPRESSIF,2019-09-01,349,234,115
ESPRESSIF,2019-10-01,369,355,14
ESPRESSIF,2019-11-01,372,371,1
ESPRESSIF,2019-12-01,361,264,97
ESPRESSIF,2020-01-01,365,316,49
ESPRESSIF,2020-02-01,351,281,70
ESPRESSIF,2020-03-01,351,316,35
ESPRESSIF,2020-04-01,369,264,105
ESPRESSIF,2020-05-01,353,320,33
ESPRESSIF,2020-06-01,335,290,45
ESPRESSIF,2020-07-01,369,303,66
ESPRESSIF,2020-08-01,312,278,34
ESPRESSIF,2020-09-01,305,262,43
ESPRESSIF,2020-10-01,309,238,71
ESPRESSIF,2020-11-01,367,221,146
ESPRESSIF,2020-12-01,394,343,51
ESPRESSIF,2021-01-01,328,303,25
ESPRESSIF,2021-02-01,347,295,52
ESPRESSIF,2021-03-01,396,281,115
ESPRESSIF,2021-04-01,395,316,79
ESPRESSIF,2021-05-01,331,189,142
ESPRESSIF,2021-06-01,333,284,49
ESPRESSIF,2021-07-01,389,483,-94
ESPRESSIF,2021-08-01,376,358,18
ESPRESSIF,2021-09-01,389,420,-31
ESPRESSIF,2021-10-01,152,97,55
ESPRESSIF,2021-11-01,416,312,104
ESPRESSIF,2021-12-01,441,312,129
ESPRESSIF,2022-01-01,378,258,120
ESPRESSIF,2022-02-01,343,366,-23
ESPRESSIF,2022-03-01,475,399,76
ESPRESSIF,2022-04-01,400,395,5
ESPRESSIF,2022-05-01,411,387,24
ESPRESSIF,2022-06-01,338,243,95
ESPRESSIF,2022-07-01,440,333,107
ESPRESSIF,2022-08-01,479,396,83
ESPRESSIF,2022-09-01,393,321,72
ESPRESSIF,2022-10-01,424,266,158
ESPRESSIF,2022-11-01,453,334,119
ESPRESSIF,2022-12-01,436,312,124
ESPRESSIF,2023-01-01,480,390,90
ESPRESSIF,2023-02-01,478,438,40
ESPRESSIF,2023-03-01,483,389,94
ESPRESSIF,2023-04-01,497,479,18
ESPRESSIF,2023-05-01,547,486,61
ESPRESSIF,2023-06-01,463,467,-4
ESPRESSIF,2023-07-01,478,458,20
ESPRESSIF,2023-08-01,488,401,87
ESPRESSIF,2023-09-01,445,388,57
ESPRESSIF,2023-10-01,452,395,57
ESPRESSIF,2023-11-01,496,451,45
ESPRESSIF,2023-12-01,448,337,111
ESPRESSIF,2024-01-01,473,418,55
ESPRESSIF,2024-02-01,472,404,68
ESPRESSIF,2024-03-01,522,429,93
ESPRESSIF,2024-04-01,429,380,49
ESPRESSIF,2024-05-01,464,378,86
ESPRESSIF,2024-06-01,563,379,184
ESPRESSIF,2024-07-01,491,450,41
ESPRESSIF,2024-08-01,488,360,128
ESPRESSIF,2024-09-01,509,421,88
ESPRESSIF,2024-10-01,468,373,95
ESPRESSIF,2024-11-01,127,100,27
EasyCorp,2015-02-01,2,1,1
EasyCorp,2015-11-01,2,2,0
EasyCorp,2016-01-01,0,1,-1
EasyCorp,2016-02-01,3,5,-2
EasyCorp,2016-03-01,2,1,1
EasyCorp,2016-04-01,4,2,2
EasyCorp,2016-05-01,1,0,1
EasyCorp,2016-06-01,2,4,-2
EasyCorp,2016-07-01,5,3,2
EasyCorp,2016-08-01,0,2,-2
EasyCorp,2016-09-01,3,1,2
EasyCorp,2016-10-01,8,4,4
EasyCorp,2016-11-01,4,3,1
EasyCorp,2016-12-01,2,4,-2
EasyCorp,2017-01-01,5,2,3
EasyCorp,2017-02-01,2,0,2
EasyCorp,2017-03-01,6,5,1
EasyCorp,2017-04-01,2,1,1
EasyCorp,2017-05-01,5,3,2
EasyCorp,2017-06-01,4,2,2
EasyCorp,2017-07-01,7,5,2
EasyCorp,2017-08-01,3,1,2
EasyCorp,2017-09-01,9,12,-3
EasyCorp,2017-10-01,4,4,0
EasyCorp,2017-11-01,5,3,2
EasyCorp,2017-12-01,7,2,5
EasyCorp,2018-01-01,8,21,-13
EasyCorp,2018-02-01,5,6,-1
EasyCorp,2018-03-01,9,3,6
EasyCorp,2018-04-01,11,10,1
EasyCorp,2018-05-01,3,3,0
EasyCorp,2018-06-01,5,3,2
EasyCorp,2018-08-01,4,0,4
EasyCorp,2018-09-01,2,0,2
EasyCorp,2018-10-01,1,0,1
EasyCorp,2018-11-01,4,0,4
EasyCorp,2018-12-01,1,0,1
EasyCorp,2019-02-01,2,1,1
EasyCorp,2019-03-01,5,0,5
EasyCorp,2019-04-01,2,2,0
EasyCorp,2019-05-01,4,1,3
EasyCorp,2019-06-01,4,4,0
EasyCorp,2019-07-01,3,6,-3
EasyCorp,2019-08-01,4,1,3
EasyCorp,2019-09-01,4,5,-1
EasyCorp,2019-10-01,6,4,2
EasyCorp,2019-11-01,1,0,1
EasyCorp,2019-12-01,6,0,6
EasyCorp,2020-01-01,2,3,-1
EasyCorp,2020-02-01,4,11,-7
EasyCorp,2020-03-01,6,3,3
EasyCorp,2020-04-01,10,6,4
EasyCorp,2020-05-01,3,2,1
EasyCorp,2020-06-01,4,7,-3
EasyCorp,2020-07-01,5,1,4
EasyCorp,2020-08-01,1,0,1
EasyCorp,2020-09-01,5,2,3
EasyCorp,2020-10-01,1,1,0
EasyCorp,2020-11-01,2,1,1
EasyCorp,2020-12-01,5,3,2
EasyCorp,2021-01-01,0,9,-9
EasyCorp,2021-02-01,1,2,-1
EasyCorp,2021-03-01,4,2,2
EasyCorp,2021-04-01,1,1,0
EasyCorp,2021-05-01,3,2,1
EasyCorp,2021-06-01,4,6,-2
EasyCorp,2021-07-01,1,0,1
EasyCorp,2021-08-01,0,1,-1
EasyCorp,2021-09-01,3,3,0
EasyCorp,2021-11-01,3,2,1
EasyCorp,2021-12-01,3,6,-3
EasyCorp,2022-01-01,4,2,2
EasyCorp,2022-02-01,2,0,2
EasyCorp,2022-03-01,3,2,1
EasyCorp,2022-04-01,5,5,0
EasyCorp,2022-05-01,0,1,-1
EasyCorp,2022-06-01,4,1,3
EasyCorp,2022-07-01,6,3,3
EasyCorp,2022-08-01,8,2,6
EasyCorp,2022-09-01,8,15,-7
EasyCorp,2022-10-01,19,9,10
EasyCorp,2022-11-01,7,3,4
EasyCorp,2022-12-01,2,4,-2
EasyCorp,2023-01-01,3,2,1
EasyCorp,2023-02-01,2,2,0
EasyCorp,2023-03-01,5,2,3
EasyCorp,2023-04-01,9,5,4
EasyCorp,2023-05-01,5,3,2
EasyCorp,2023-06-01,3,1,2
EasyCorp,2023-07-01,3,2,1
EasyCorp,2023-08-01,1,1,0
EasyCorp,2023-09-01,3,3,0
EasyCorp,2023-10-01,3,0,3
EasyCorp,2023-11-01,2,0,2
EasyCorp,2023-12-01,2,2,0
EasyCorp,2024-01-01,2,1,1
EasyCorp,2024-02-01,2,2,0
EasyCorp,2024-03-01,2,8,-6
EasyCorp,2024-04-01,4,1,3
EasyCorp,2024-05-01,2,7,-5
EasyCorp,2024-06-01,4,14,-10
EasyCorp,2024-07-01,2,1,1
EasyCorp,2024-08-01,7,8,-1
EasyCorp,2024-09-01,5,6,-1
EasyCorp,2024-10-01,2,3,-1
EasyCorp,2024-11-01,0,2,-2
Elastic,2015-03-01,600,393,207
Elastic,2015-04-01,848,804,44
Elastic,2015-05-01,830,906,-76
Elastic,2015-06-01,862,682,180
Elastic,2015-07-01,800,638,162
Elastic,2015-08-01,761,735,26
Elastic,2015-09-01,757,537,220
Elastic,2015-10-01,664,630,34
Elastic,2015-11-01,865,797,68
Elastic,2015-12-01,832,639,193
Elastic,2016-01-01,900,975,-75
Elastic,2016-02-01,827,624,203
Elastic,2016-03-01,929,919,10
Elastic,2016-04-01,969,835,134
Elastic,2016-05-01,757,657,100
Elastic,2016-06-01,672,534,138
Elastic,2016-07-01,734,591,143
Elastic,2016-08-01,759,611,148
Elastic,2016-09-01,756,578,178
Elastic,2016-10-01,956,686,270
Elastic,2016-11-01,974,807,167
Elastic,2016-12-01,794,574,220
Elastic,2017-01-01,817,569,248
Elastic,2017-02-01,925,700,225
Elastic,2017-03-01,827,681,146
Elastic,2017-04-01,815,620,195
Elastic,2017-05-01,940,778,162
Elastic,2017-06-01,848,648,200
Elastic,2017-07-01,876,678,198
Elastic,2017-08-01,901,761,140
Elastic,2017-09-01,718,546,172
Elastic,2017-10-01,651,542,109
Elastic,2017-11-01,833,763,70
Elastic,2017-12-01,701,508,193
Elastic,2018-01-01,832,663,169
Elastic,2018-02-01,763,582,181
Elastic,2018-03-01,867,1227,-360
Elastic,2018-04-01,733,630,103
Elastic,2018-05-01,999,835,164
Elastic,2018-06-01,836,706,130
Elastic,2018-07-01,1127,862,265
Elastic,2018-08-01,1112,1013,99
Elastic,2018-09-01,897,805,92
Elastic,2018-10-01,988,919,69
Elastic,2018-11-01,1286,858,428
Elastic,2018-12-01,1016,749,267
Elastic,2019-01-01,1349,1130,219
Elastic,2019-02-01,1678,1413,265
Elastic,2019-03-01,1575,1192,383
Elastic,2019-04-01,1584,1287,297
Elastic,2019-05-01,1565,1246,319
Elastic,2019-06-01,1671,1345,326
Elastic,2019-07-01,2052,1668,384
Elastic,2019-08-01,1694,1309,385
Elastic,2019-09-01,1594,1348,246
Elastic,2019-10-01,2097,1682,415
Elastic,2019-11-01,1894,1288,606
Elastic,2019-12-01,1648,1271,377
Elastic,2020-01-01,1974,1678,296
Elastic,2020-02-01,2081,1557,524
Elastic,2020-03-01,2285,1988,297
Elastic,2020-04-01,2108,1605,503
Elastic,2020-05-01,1981,1463,518
Elastic,2020-06-01,1814,1261,553
Elastic,2020-07-01,2244,2283,-39
Elastic,2020-08-01,1723,1567,156
Elastic,2020-09-01,1749,1582,167
Elastic,2020-10-01,2147,1717,430
Elastic,2020-11-01,1858,1409,449
Elastic,2020-12-01,1896,1635,261
Elastic,2021-01-01,1973,1752,221
Elastic,2021-02-01,2146,1588,558
Elastic,2021-03-01,2107,1974,133
Elastic,2021-04-01,2050,1855,195
Elastic,2021-05-01,1410,1070,340
Elastic,2021-06-01,1926,1592,334
Elastic,2021-07-01,2053,1623,430
Elastic,2021-08-01,2471,2147,324
Elastic,2021-09-01,1849,1635,214
Elastic,2021-10-01,656,650,6
Elastic,2021-11-01,2000,1779,221
Elastic,2021-12-01,1751,1414,337
Elastic,2022-01-01,1713,1588,125
Elastic,2022-02-01,1791,1417,374
Elastic,2022-03-01,2161,1926,235
Elastic,2022-04-01,1709,1696,13
Elastic,2022-05-01,1572,1461,111
Elastic,2022-06-01,1675,1414,261
Elastic,2022-07-01,1653,1521,132
Elastic,2022-08-01,1921,2207,-286
Elastic,2022-09-01,2230,1942,288
Elastic,2022-10-01,1555,1365,190
Elastic,2022-11-01,1864,1503,361
Elastic,2022-12-01,1199,1086,113
Elastic,2023-01-01,1560,1618,-58
Elastic,2023-02-01,1805,1609,196
Elastic,2023-03-01,1561,1437,124
Elastic,2023-04-01,1730,1777,-47
Elastic,2023-05-01,1858,1850,8
Elastic,2023-06-01,1670,1535,135
Elastic,2023-07-01,1366,1404,-38
Elastic,2023-08-01,1920,1607,313
Elastic,2023-09-01,1963,1442,521
Elastic,2023-10-01,1976,2094,-118
Elastic,2023-11-01,1702,1557,145
Elastic,2023-12-01,1268,1133,135
Elastic,2024-01-01,1986,2019,-33
Elastic,2024-02-01,1650,1441,209
Elastic,2024-03-01,1730,1758,-28
Elastic,2024-04-01,2077,1790,287
Elastic,2024-05-01,1922,2057,-135
Elastic,2024-06-01,2304,1609,695
Elastic,2024-07-01,1783,2067,-284
Elastic,2024-08-01,1714,1784,-70
Elastic,2024-09-01,1894,1808,86
Elastic,2024-10-01,2500,2182,318
Elastic,2024-11-01,568,642,-74
Explosion AI,2016-10-01,78,148,-70
Explosion AI,2016-11-01,50,44,6
Explosion AI,2016-12-01,35,28,7
Explosion AI,2017-01-01,77,56,21
Explosion AI,2017-02-01,64,44,20
Explosion AI,2017-03-01,63,64,-1
Explosion AI,2017-04-01,84,62,22
Explosion AI,2017-05-01,59,56,3
Explosion AI,2017-06-01,60,36,24
Explosion AI,2017-07-01,66,31,35
Explosion AI,2017-08-01,48,16,32
Explosion AI,2017-09-01,74,42,32
Explosion AI,2017-10-01,53,122,-69
Explosion AI,2017-11-01,154,170,-16
Explosion AI,2017-12-01,104,42,62
Explosion AI,2018-01-01,113,106,7
Explosion AI,2018-02-01,114,79,35
Explosion AI,2018-03-01,102,119,-17
Explosion AI,2018-04-01,83,87,-4
Explosion AI,2018-05-01,92,90,2
Explosion AI,2018-06-01,73,30,43
Explosion AI,2018-07-01,91,77,14
Explosion AI,2018-08-01,89,49,40
Explosion AI,2018-09-01,69,100,-31
Explosion AI,2018-10-01,60,41,19
Explosion AI,2018-11-01,72,52,20
Explosion AI,2018-12-01,64,194,-130
Explosion AI,2019-01-01,80,51,29
Explosion AI,2019-02-01,92,158,-66
Explosion AI,2019-03-01,128,168,-40
Explosion AI,2019-04-01,102,70,32
Explosion AI,2019-05-01,123,92,31
Explosion AI,2019-06-01,73,78,-5
Explosion AI,2019-07-01,127,113,14
Explosion AI,2019-08-01,111,105,6
Explosion AI,2019-09-01,70,100,-30
Explosion AI,2019-10-01,147,175,-28
Explosion AI,2019-11-01,140,88,52
Explosion AI,2019-12-01,98,95,3
Explosion AI,2020-01-01,85,72,13
Explosion AI,2020-02-01,83,80,3
Explosion AI,2020-03-01,119,104,15
Explosion AI,2020-04-01,116,105,11
Explosion AI,2020-05-01,96,84,12
Explosion AI,2020-06-01,95,80,15
Explosion AI,2020-07-01,76,82,-6
Explosion AI,2020-08-01,66,71,-5
Explosion AI,2020-09-01,66,56,10
Explosion AI,2020-10-01,75,114,-39
Explosion AI,2020-11-01,98,94,4
Explosion AI,2020-12-01,117,205,-88
Explosion AI,2021-01-01,81,77,4
Explosion AI,2021-02-01,148,146,2
Explosion AI,2021-03-01,112,118,-6
Explosion AI,2021-04-01,100,98,2
Explosion AI,2021-05-01,62,66,-4
Explosion AI,2021-06-01,70,64,6
Explosion AI,2021-07-01,59,72,-13
Explosion AI,2021-08-01,52,52,0
Explosion AI,2021-09-01,50,40,10
Explosion AI,2021-10-01,24,25,-1
Explosion AI,2021-11-01,45,39,6
Explosion AI,2021-12-01,45,20,25
Explosion AI,2022-01-01,37,29,8
Explosion AI,2022-02-01,37,17,20
Explosion AI,2022-03-01,39,23,16
Explosion AI,2022-04-01,33,15,18
Explosion AI,2022-05-01,26,22,4
Explosion AI,2022-06-01,18,18,0
Explosion AI,2022-07-01,39,29,10
Explosion AI,2022-08-01,29,17,12
Explosion AI,2022-09-01,28,19,9
Explosion AI,2022-10-01,37,20,17
Explosion AI,2022-11-01,37,28,9
Explosion AI,2022-12-01,23,19,4
Explosion AI,2023-01-01,29,17,12
Explosion AI,2023-02-01,24,21,3
Explosion AI,2023-03-01,31,14,17
Explosion AI,2023-04-01,19,17,2
Explosion AI,2023-05-01,29,19,10
Explosion AI,2023-06-01,17,13,4
Explosion AI,2023-07-01,31,19,12
Explosion AI,2023-08-01,25,23,2
Explosion AI,2023-09-01,32,14,18
Explosion AI,2023-10-01,37,22,15
Explosion AI,2023-11-01,33,18,15
Explosion AI,2023-12-01,18,10,8
Explosion AI,2024-01-01,37,20,17
Explosion AI,2024-02-01,25,8,17
Explosion AI,2024-03-01,18,6,12
Explosion AI,2024-04-01,21,6,15
Explosion AI,2024-05-01,20,6,14
Explosion AI,2024-06-01,17,5,12
Explosion AI,2024-07-01,6,2,4
Explosion AI,2024-08-01,16,1,15
Explosion AI,2024-09-01,16,9,7
Explosion AI,2024-10-01,21,4,17
Explosion AI,2024-11-01,5,0,5
FM Soft,2021-02-01,1,0,1
FM Soft,2021-09-01,1,0,1
FM Soft,2022-09-01,5,3,2
FM Soft,2022-10-01,8,7,1
FM Soft,2022-11-01,7,4,3
FM Soft,2022-12-01,2,1,1
FM Soft,2023-01-01,2,2,0
FM Soft,2023-04-01,4,2,2
FM Soft,2023-05-01,0,2,-2
FM Soft,2023-06-01,2,0,2
FM Soft,2023-07-01,1,0,1
FM Soft,2023-09-01,2,1,1
FM Soft,2023-10-01,2,0,2
FM Soft,2023-11-01,1,1,0
FM Soft,2023-12-01,2,1,1
FM Soft,2024-02-01,1,0,1
FM Soft,2024-04-01,1,0,1
FM Soft,2024-09-01,1,0,1
Fastly,2015-01-01,3,0,3
Fastly,2015-02-01,1,0,1
Fastly,2015-03-01,5,1,4
Fastly,2015-04-01,4,1,3
Fastly,2015-05-01,3,2,1
Fastly,2015-06-01,3,1,2
Fastly,2015-07-01,1,0,1
Fastly,2015-08-01,1,2,-1
Fastly,2015-10-01,2,1,1
Fastly,2015-11-01,2,1,1
Fastly,2016-01-01,5,5,0
Fastly,2016-03-01,1,3,-2
Fastly,2016-04-01,5,2,3
Fastly,2016-05-01,11,10,1
Fastly,2016-06-01,11,7,4
Fastly,2016-07-01,18,16,2
Fastly,2016-08-01,9,9,0
Fastly,2016-09-01,4,1,3
Fastly,2016-10-01,4,0,4
Fastly,2016-11-01,1,2,-1
Fastly,2016-12-01,2,2,0
Fastly,2017-01-01,2,1,1
Fastly,2017-02-01,1,6,-5
Fastly,2017-03-01,2,0,2
Fastly,2017-04-01,0,2,-2
Fastly,2017-05-01,1,2,-1
Fastly,2017-06-01,4,4,0
Fastly,2017-07-01,2,1,1
Fastly,2017-08-01,2,1,1
Fastly,2017-09-01,6,2,4
Fastly,2017-10-01,3,1,2
Fastly,2017-11-01,5,7,-2
Fastly,2017-12-01,3,2,1
Fastly,2018-01-01,1,3,-2
Fastly,2018-02-01,2,1,1
Fastly,2018-03-01,4,3,1
Fastly,2018-04-01,4,1,3
Fastly,2018-05-01,3,3,0
Fastly,2018-06-01,5,4,1
Fastly,2018-07-01,1,2,-1
Fastly,2018-08-01,2,4,-2
Fastly,2018-09-01,2,3,-1
Fastly,2018-10-01,5,2,3
Fastly,2018-11-01,11,7,4
Fastly,2018-12-01,8,9,-1
Fastly,2019-01-01,5,3,2
Fastly,2019-02-01,1,5,-4
Fastly,2019-03-01,6,6,0
Fastly,2019-04-01,4,1,3
Fastly,2019-05-01,14,9,5
Fastly,2019-06-01,10,9,1
Fastly,2019-07-01,0,1,-1
Fastly,2019-08-01,9,2,7
Fastly,2019-09-01,2,1,1
Fastly,2019-10-01,1,0,1
Fastly,2019-11-01,7,2,5
Fastly,2019-12-01,4,7,-3
Fastly,2020-01-01,13,6,7
Fastly,2020-02-01,4,5,-1
Fastly,2020-03-01,8,0,8
Fastly,2020-04-01,19,16,3
Fastly,2020-05-01,8,6,2
Fastly,2020-06-01,9,5,4
Fastly,2020-07-01,4,3,1
Fastly,2020-08-01,7,1,6
Fastly,2020-09-01,15,7,8
Fastly,2020-10-01,7,1,6
Fastly,2020-11-01,7,5,2
Fastly,2020-12-01,7,4,3
Fastly,2021-01-01,9,6,3
Fastly,2021-02-01,7,6,1
Fastly,2021-03-01,14,12,2
Fastly,2021-04-01,14,9,5
Fastly,2021-05-01,12,12,0
Fastly,2021-06-01,23,18,5
Fastly,2021-07-01,55,37,18
Fastly,2021-08-01,31,20,11
Fastly,2021-09-01,25,23,2
Fastly,2021-10-01,3,5,-2
Fastly,2021-11-01,24,22,2
Fastly,2021-12-01,18,15,3
Fastly,2022-01-01,38,39,-1
Fastly,2022-02-01,17,17,0
Fastly,2022-03-01,19,11,8
Fastly,2022-04-01,18,11,7
Fastly,2022-05-01,18,13,5
Fastly,2022-06-01,11,15,-4
Fastly,2022-07-01,20,12,8
Fastly,2022-08-01,26,12,14
Fastly,2022-09-01,28,40,-12
Fastly,2022-10-01,28,26,2
Fastly,2022-11-01,17,12,5
Fastly,2022-12-01,17,47,-30
Fastly,2023-01-01,32,33,-1
Fastly,2023-02-01,32,9,23
Fastly,2023-03-01,25,26,-1
Fastly,2023-04-01,20,16,4
Fastly,2023-05-01,23,14,9
Fastly,2023-06-01,19,21,-2
Fastly,2023-07-01,25,39,-14
Fastly,2023-08-01,12,11,1
Fastly,2023-09-01,19,9,10
Fastly,2023-10-01,13,13,0
Fastly,2023-11-01,11,8,3
Fastly,2023-12-01,19,9,10
Fastly,2024-01-01,14,10,4
Fastly,2024-02-01,10,3,7
Fastly,2024-03-01,14,8,6
Fastly,2024-04-01,23,12,11
Fastly,2024-05-01,19,14,5
Fastly,2024-06-01,19,16,3
Fastly,2024-07-01,23,16,7
Fastly,2024-08-01,25,32,-7
Fastly,2024-09-01,24,20,4
Fastly,2024-10-01,20,10,10
Fastly,2024-11-01,2,0,2
ForgeRock,2015-11-01,1,1,0
ForgeRock,2017-04-01,1,1,0
GAAS,2019-02-01,20,1,19
GAAS,2019-03-01,25,16,9
GAAS,2019-04-01,13,10,3
GAAS,2019-05-01,9,6,3
GAAS,2019-06-01,11,10,1
GAAS,2019-07-01,6,7,-1
GAAS,2019-08-01,3,4,-1
GAAS,2019-09-01,13,7,6
GAAS,2019-10-01,13,14,-1
GAAS,2019-11-01,8,8,0
GAAS,2019-12-01,8,4,4
GAAS,2020-01-01,9,7,2
GAAS,2020-02-01,16,18,-2
GAAS,2020-03-01,4,3,1
GAAS,2020-04-01,7,5,2
GAAS,2020-05-01,2,1,1
GAAS,2020-06-01,3,0,3
GAAS,2020-07-01,14,2,12
GAAS,2020-08-01,6,0,6
GAAS,2020-09-01,1,0,1
GAAS,2020-10-01,1,0,1
GAAS,2020-11-01,2,2,0
GAAS,2020-12-01,1,0,1
GAAS,2021-01-01,2,1,1
GAAS,2021-04-01,3,12,-9
GAAS,2021-05-01,0,9,-9
GAAS,2021-06-01,1,1,0
GAAS,2021-07-01,1,7,-6
GAAS,2021-08-01,2,1,1
GAAS,2022-05-01,0,1,-1
GAAS,2022-11-01,1,0,1
GAAS,2024-06-01,1,0,1
Galaxy Future,2022-10-01,1,4,-3
Galaxy Future,2022-11-01,7,5,2
Galaxy Future,2022-12-01,0,2,-2
Goodrain,2017-03-01,1,0,1
Goodrain,2017-11-01,1,0,1
Goodrain,2017-12-01,21,18,3
Goodrain,2018-01-01,19,20,-1
Goodrain,2018-02-01,3,5,-2
Goodrain,2018-03-01,15,10,5
Goodrain,2018-04-01,51,45,6
Goodrain,2018-05-01,13,9,4
Goodrain,2018-06-01,17,13,4
Goodrain,2018-07-01,19,15,4
Goodrain,2018-08-01,16,17,-1
Goodrain,2018-09-01,33,24,9
Goodrain,2018-10-01,25,21,4
Goodrain,2018-11-01,15,13,2
Goodrain,2018-12-01,9,21,-12
Goodrain,2019-01-01,16,10,6
Goodrain,2019-02-01,4,5,-1
Goodrain,2019-03-01,19,20,-1
Goodrain,2019-04-01,8,5,3
Goodrain,2019-05-01,5,6,-1
Goodrain,2019-06-01,6,1,5
Goodrain,2019-07-01,44,12,32
Goodrain,2019-08-01,47,57,-10
Goodrain,2019-09-01,26,8,18
Goodrain,2019-10-01,65,56,9
Goodrain,2019-11-01,39,42,-3
Goodrain,2019-12-01,46,52,-6
Goodrain,2020-01-01,21,20,1
Goodrain,2020-02-01,21,23,-2
Goodrain,2020-03-01,6,25,-19
Goodrain,2020-04-01,15,9,6
Goodrain,2020-05-01,6,4,2
Goodrain,2020-06-01,3,1,2
Goodrain,2020-07-01,19,37,-18
Goodrain,2020-08-01,15,8,7
Goodrain,2020-09-01,4,3,1
Goodrain,2020-10-01,3,5,-2
Goodrain,2020-11-01,4,1,3
Goodrain,2020-12-01,1,0,1
Goodrain,2021-02-01,1,10,-9
Goodrain,2021-03-01,9,3,6
Goodrain,2021-04-01,33,16,17
Goodrain,2021-05-01,7,2,5
Goodrain,2021-06-01,9,7,2
Goodrain,2021-07-01,15,29,-14
Goodrain,2021-08-01,11,14,-3
Goodrain,2021-09-01,4,0,4
Goodrain,2021-11-01,2,1,1
Goodrain,2021-12-01,4,4,0
Goodrain,2022-01-01,9,4,5
Goodrain,2022-02-01,5,7,-2
Goodrain,2022-03-01,8,8,0
Goodrain,2022-04-01,13,6,7
Goodrain,2022-05-01,2,1,1
Goodrain,2022-06-01,6,11,-5
Goodrain,2022-07-01,16,5,11
Goodrain,2022-08-01,21,14,7
Goodrain,2022-09-01,23,9,14
Goodrain,2022-10-01,26,18,8
Goodrain,2022-11-01,16,18,-2
Goodrain,2022-12-01,16,5,11
Goodrain,2023-01-01,13,20,-7
Goodrain,2023-02-01,19,7,12
Goodrain,2023-03-01,18,13,5
Goodrain,2023-04-01,13,4,9
Goodrain,2023-05-01,3,6,-3
Goodrain,2023-06-01,17,7,10
Goodrain,2023-07-01,16,22,-6
Goodrain,2023-08-01,8,18,-10
Goodrain,2023-09-01,12,5,7
Goodrain,2023-10-01,3,1,2
Goodrain,2023-11-01,7,3,4
Goodrain,2023-12-01,20,48,-28
Goodrain,2024-01-01,34,60,-26
Goodrain,2024-02-01,2,0,2
Goodrain,2024-03-01,10,7,3
Goodrain,2024-04-01,7,1,6
Goodrain,2024-05-01,8,1,7
Goodrain,2024-06-01,7,37,-30
Goodrain,2024-07-01,5,4,1
Goodrain,2024-08-01,5,2,3
Goodrain,2024-09-01,3,3,0
Goodrain,2024-10-01,7,6,1
Goodrain,2024-11-01,1,0,1
Google,2015-01-01,1506,1295,211
Google,2015-02-01,1744,1178,566
Google,2015-03-01,2115,1501,614
Google,2015-04-01,2401,2039,362
Google,2015-05-01,2203,1662,541
Google,2015-06-01,4236,4184,52
Google,2015-07-01,3178,2449,729
Google,2015-08-01,3223,3166,57
Google,2015-09-01,3558,3036,522
Google,2015-10-01,3845,3197,648
Google,2015-11-01,4168,3216,952
Google,2015-12-01,6736,3614,3122
Google,2016-01-01,5369,3200,2169
Google,2016-02-01,4611,3371,1240
Google,2016-03-01,4595,3427,1168
Google,2016-04-01,4232,4161,71
Google,2016-05-01,4772,3497,1275
Google,2016-06-01,5036,4908,128
Google,2016-07-01,4448,3753,695
Google,2016-08-01,5073,4060,1013
Google,2016-09-01,5451,4739,712
Google,2016-10-01,5170,4690,480
Google,2016-11-01,4725,3818,907
Google,2016-12-01,4618,3775,843
Google,2017-01-01,4755,4078,677
Google,2017-02-01,5156,4062,1094
Google,2017-03-01,6220,5284,936
Google,2017-04-01,4886,3703,1183
Google,2017-05-01,5161,4315,846
Google,2017-06-01,5551,5405,146
Google,2017-07-01,5065,3553,1512
Google,2017-08-01,5359,4011,1348
Google,2017-09-01,4883,3802,1081
Google,2017-10-01,5163,4167,996
Google,2017-11-01,5566,4419,1147
Google,2017-12-01,4617,3880,737
Google,2018-01-01,5288,5005,283
Google,2018-02-01,5271,6161,-890
Google,2018-03-01,6328,5295,1033
Google,2018-04-01,5648,4596,1052
Google,2018-05-01,5780,4487,1293
Google,2018-06-01,5697,5879,-182
Google,2018-07-01,5581,4408,1173
Google,2018-08-01,6109,5874,235
Google,2018-09-01,5379,4562,817
Google,2018-10-01,6067,5290,777
Google,2018-11-01,5827,5044,783
Google,2018-12-01,5183,4643,540
Google,2019-01-01,5716,4871,845
Google,2019-02-01,6486,5330,1156
Google,2019-03-01,8224,6302,1922
Google,2019-04-01,7545,5593,1952
Google,2019-05-01,8094,6403,1691
Google,2019-06-01,7732,6018,1714
Google,2019-07-01,8835,6660,2175
Google,2019-08-01,7887,6417,1470
Google,2019-09-01,7907,6289,1618
Google,2019-10-01,9263,7944,1319
Google,2019-11-01,8303,7762,541
Google,2019-12-01,7342,5561,1781
Google,2020-01-01,8020,7570,450
Google,2020-02-01,8234,7541,693
Google,2020-03-01,9029,7904,1125
Google,2020-04-01,9687,8104,1583
Google,2020-05-01,9597,9210,387
Google,2020-06-01,9185,8134,1051
Google,2020-07-01,9323,8111,1212
Google,2020-08-01,8401,7047,1354
Google,2020-09-01,9496,7406,2090
Google,2020-10-01,8350,7584,766
Google,2020-11-01,7934,6889,1045
Google,2020-12-01,6911,6004,907
Google,2021-01-01,7257,6777,480
Google,2021-02-01,7215,6505,710
Google,2021-03-01,8354,7395,959
Google,2021-04-01,7089,6329,760
Google,2021-05-01,7110,6228,882
Google,2021-06-01,6925,6477,448
Google,2021-07-01,6117,5841,276
Google,2021-08-01,5961,5169,792
Google,2021-09-01,6263,5657,606
Google,2021-10-01,2385,1921,464
Google,2021-11-01,5771,5031,740
Google,2021-12-01,5246,4424,822
Google,2022-01-01,5504,4668,836
Google,2022-02-01,5227,4419,808
Google,2022-03-01,5783,5185,598
Google,2022-04-01,5287,4834,453
Google,2022-05-01,5376,4772,604
Google,2022-06-01,8856,4663,4193
Google,2022-07-01,5083,4180,903
Google,2022-08-01,6086,5557,529
Google,2022-09-01,6156,5354,802
Google,2022-10-01,5268,4608,660
Google,2022-11-01,5746,4887,859
Google,2022-12-01,5067,4202,865
Google,2023-01-01,6152,5267,885
Google,2023-02-01,6245,5741,504
Google,2023-03-01,5882,5511,371
Google,2023-04-01,5721,4713,1008
Google,2023-05-01,5815,5667,148
Google,2023-06-01,5343,5104,239
Google,2023-07-01,5054,4205,849
Google,2023-08-01,5648,5220,428
Google,2023-09-01,5629,4620,1009
Google,2023-10-01,5184,4219,965
Google,2023-11-01,6301,4943,1358
Google,2023-12-01,4353,3808,545
Google,2024-01-01,5355,4622,733
Google,2024-02-01,5220,4707,513
Google,2024-03-01,5535,4875,660
Google,2024-04-01,5026,4496,530
Google,2024-05-01,5678,5024,654
Google,2024-06-01,5094,4851,243
Google,2024-07-01,5092,4643,449
Google,2024-08-01,5349,5219,130
Google,2024-09-01,4758,4456,302
Google,2024-10-01,6383,4981,1402
Google,2024-11-01,1228,1217,11
Greptime,2022-11-01,66,39,27
Greptime,2022-12-01,41,17,24
Greptime,2023-01-01,44,28,16
Greptime,2023-02-01,75,48,27
Greptime,2023-03-01,102,65,37
Greptime,2023-04-01,87,70,17
Greptime,2023-05-01,71,63,8
Greptime,2023-06-01,76,61,15
Greptime,2023-07-01,73,44,29
Greptime,2023-08-01,70,52,18
Greptime,2023-09-01,50,74,-24
Greptime,2023-10-01,57,42,15
Greptime,2023-11-01,57,52,5
Greptime,2023-12-01,84,60,24
Greptime,2024-01-01,89,70,19
Greptime,2024-02-01,42,43,-1
Greptime,2024-03-01,77,64,13
Greptime,2024-04-01,70,63,7
Greptime,2024-05-01,69,62,7
Greptime,2024-06-01,47,50,-3
Greptime,2024-07-01,83,90,-7
Greptime,2024-08-01,54,36,18
Greptime,2024-09-01,52,39,13
Greptime,2024-10-01,57,57,0
Greptime,2024-11-01,21,26,-5
Guojusoft,2021-06-01,5,6,-1
Guojusoft,2021-07-01,79,91,-12
Guojusoft,2021-08-01,85,62,23
Guojusoft,2021-09-01,72,84,-12
Guojusoft,2021-10-01,17,15,2
Guojusoft,2021-11-01,79,65,14
Guojusoft,2021-12-01,62,43,19
Guojusoft,2022-01-01,27,2,25
Guojusoft,2022-02-01,17,48,-31
Guojusoft,2022-03-01,67,72,-5
Guojusoft,2022-04-01,81,55,26
Guojusoft,2022-05-01,80,82,-2
Guojusoft,2022-06-01,82,76,6
Guojusoft,2022-07-01,72,63,9
Guojusoft,2022-08-01,57,12,45
Guojusoft,2022-09-01,83,68,15
Guojusoft,2022-10-01,71,98,-27
Guojusoft,2022-11-01,84,98,-14
Guojusoft,2022-12-01,82,42,40
Guojusoft,2023-01-01,48,7,41
Guojusoft,2023-02-01,45,3,42
Guojusoft,2023-03-01,56,11,45
Guojusoft,2023-04-01,27,6,21
Guojusoft,2023-05-01,52,61,-9
Guojusoft,2023-06-01,51,106,-55
Guojusoft,2023-07-01,52,65,-13
Guojusoft,2023-08-01,77,199,-122
Guojusoft,2023-09-01,94,98,-4
Guojusoft,2023-10-01,65,60,5
Guojusoft,2023-11-01,121,97,24
Guojusoft,2023-12-01,85,89,-4
Guojusoft,2024-01-01,93,88,5
Guojusoft,2024-02-01,37,37,0
Guojusoft,2024-03-01,61,74,-13
Guojusoft,2024-04-01,92,82,10
Guojusoft,2024-05-01,68,42,26
Guojusoft,2024-06-01,397,87,310
Guojusoft,2024-07-01,419,326,93
Guojusoft,2024-08-01,239,259,-20
Guojusoft,2024-09-01,224,215,9
Guojusoft,2024-10-01,171,183,-12
Guojusoft,2024-11-01,58,48,10
H2O AI,2015-01-01,2,1,1
H2O AI,2015-03-01,3,0,3
H2O AI,2015-04-01,1,0,1
H2O AI,2015-05-01,1,0,1
H2O AI,2015-06-01,2,0,2
H2O AI,2015-10-01,2,0,2
H2O AI,2015-11-01,2,1,1
H2O AI,2015-12-01,5,5,0
H2O AI,2016-01-01,1,2,-1
H2O AI,2016-02-01,1,1,0
H2O AI,2016-04-01,4,4,0
H2O AI,2016-05-01,2,0,2
H2O AI,2016-06-01,3,3,0
H2O AI,2016-07-01,1,0,1
H2O AI,2016-08-01,6,5,1
H2O AI,2016-09-01,6,3,3
H2O AI,2016-10-01,2,2,0
H2O AI,2016-11-01,6,9,-3
H2O AI,2016-12-01,8,6,2
H2O AI,2017-01-01,14,10,4
H2O AI,2017-02-01,11,3,8
H2O AI,2017-03-01,9,6,3
H2O AI,2017-04-01,8,26,-18
H2O AI,2017-05-01,10,10,0
H2O AI,2017-06-01,14,12,2
H2O AI,2017-07-01,9,7,2
H2O AI,2017-08-01,7,7,0
H2O AI,2017-09-01,20,11,9
H2O AI,2017-10-01,29,11,18
H2O AI,2017-11-01,41,32,9
H2O AI,2017-12-01,47,17,30
H2O AI,2018-01-01,30,13,17
H2O AI,2018-02-01,32,27,5
H2O AI,2018-03-01,60,54,6
H2O AI,2018-04-01,64,63,1
H2O AI,2018-05-01,67,35,32
H2O AI,2018-06-01,54,55,-1
H2O AI,2018-07-01,45,45,0
H2O AI,2018-08-01,38,27,11
H2O AI,2018-09-01,57,38,19
H2O AI,2018-10-01,39,42,-3
H2O AI,2018-11-01,44,40,4
H2O AI,2018-12-01,46,34,12
H2O AI,2019-01-01,60,53,7
H2O AI,2019-02-01,31,29,2
H2O AI,2019-03-01,37,38,-1
H2O AI,2019-04-01,48,44,4
H2O AI,2019-05-01,26,16,10
H2O AI,2019-06-01,28,23,5
H2O AI,2019-07-01,29,28,1
H2O AI,2019-08-01,43,31,12
H2O AI,2019-09-01,37,24,13
H2O AI,2019-10-01,58,47,11
H2O AI,2019-11-01,41,54,-13
H2O AI,2019-12-01,39,24,15
H2O AI,2020-01-01,34,31,3
H2O AI,2020-02-01,30,46,-16
H2O AI,2020-03-01,28,17,11
H2O AI,2020-04-01,22,14,8
H2O AI,2020-05-01,39,48,-9
H2O AI,2020-06-01,33,35,-2
H2O AI,2020-07-01,32,30,2
H2O AI,2020-08-01,19,17,2
H2O AI,2020-09-01,51,37,14
H2O AI,2020-10-01,40,23,17
H2O AI,2020-11-01,27,36,-9
H2O AI,2020-12-01,72,51,21
H2O AI,2021-01-01,67,45,22
H2O AI,2021-02-01,69,33,36
H2O AI,2021-03-01,96,94,2
H2O AI,2021-04-01,62,45,17
H2O AI,2021-05-01,83,62,21
H2O AI,2021-06-01,54,58,-4
H2O AI,2021-07-01,73,51,22
H2O AI,2021-08-01,38,39,-1
H2O AI,2021-09-01,47,29,18
H2O AI,2021-10-01,9,8,1
H2O AI,2021-11-01,23,26,-3
H2O AI,2021-12-01,19,22,-3
H2O AI,2022-01-01,28,18,10
H2O AI,2022-02-01,37,30,7
H2O AI,2022-03-01,31,25,6
H2O AI,2022-04-01,43,33,10
H2O AI,2022-05-01,43,36,7
H2O AI,2022-06-01,44,20,24
H2O AI,2022-07-01,75,51,24
H2O AI,2022-08-01,45,46,-1
H2O AI,2022-09-01,49,35,14
H2O AI,2022-10-01,24,40,-16
H2O AI,2022-11-01,28,25,3
H2O AI,2022-12-01,29,35,-6
H2O AI,2023-01-01,32,20,12
H2O AI,2023-02-01,178,26,152
H2O AI,2023-03-01,39,18,21
H2O AI,2023-04-01,201,70,131
H2O AI,2023-05-01,10463,7653,2810
H2O AI,2023-06-01,160,172,-12
H2O AI,2023-07-01,248,190,58
H2O AI,2023-08-01,214,218,-4
H2O AI,2023-09-01,128,107,21
H2O AI,2023-10-01,180,151,29
H2O AI,2023-11-01,148,111,37
H2O AI,2023-12-01,123,75,48
H2O AI,2024-01-01,133,124,9
H2O AI,2024-02-01,127,120,7
H2O AI,2024-03-01,88,81,7
H2O AI,2024-04-01,93,71,22
H2O AI,2024-05-01,136,58,78
H2O AI,2024-06-01,60,48,12
H2O AI,2024-07-01,73,53,20
H2O AI,2024-08-01,58,61,-3
H2O AI,2024-09-01,43,29,14
H2O AI,2024-10-01,34,26,8
H2O AI,2024-11-01,10,5,5
HashiCorp,2015-01-01,160,123,37
HashiCorp,2015-02-01,158,181,-23
HashiCorp,2015-03-01,258,195,63
HashiCorp,2015-04-01,320,215,105
HashiCorp,2015-05-01,383,347,36
HashiCorp,2015-06-01,390,314,76
HashiCorp,2015-07-01,381,197,184
HashiCorp,2015-08-01,290,176,114
HashiCorp,2015-09-01,374,184,190
HashiCorp,2015-10-01,526,365,161
HashiCorp,2015-11-01,422,331,91
HashiCorp,2015-12-01,434,348,86
HashiCorp,2016-01-01,477,358,119
HashiCorp,2016-02-01,548,363,185
HashiCorp,2016-03-01,683,546,137
HashiCorp,2016-04-01,627,495,132
HashiCorp,2016-05-01,467,281,186
HashiCorp,2016-06-01,423,339,84
HashiCorp,2016-07-01,368,329,39
HashiCorp,2016-08-01,609,481,128
HashiCorp,2016-09-01,510,362,148
HashiCorp,2016-10-01,521,408,113
HashiCorp,2016-11-01,591,677,-86
HashiCorp,2016-12-01,494,469,25
HashiCorp,2017-01-01,483,400,83
HashiCorp,2017-02-01,551,414,137
HashiCorp,2017-03-01,678,508,170
HashiCorp,2017-04-01,698,566,132
HashiCorp,2017-05-01,709,718,-9
HashiCorp,2017-06-01,572,1784,-1212
HashiCorp,2017-07-01,448,371,77
HashiCorp,2017-08-01,557,455,102
HashiCorp,2017-09-01,526,376,150
HashiCorp,2017-10-01,591,429,162
HashiCorp,2017-11-01,632,427,205
HashiCorp,2017-12-01,448,368,80
HashiCorp,2018-01-01,533,471,62
HashiCorp,2018-02-01,534,437,97
HashiCorp,2018-03-01,601,595,6
HashiCorp,2018-04-01,493,369,124
HashiCorp,2018-05-01,486,342,144
HashiCorp,2018-06-01,453,348,105
HashiCorp,2018-07-01,504,409,95
HashiCorp,2018-08-01,454,334,120
HashiCorp,2018-09-01,425,298,127
HashiCorp,2018-10-01,543,592,-49
HashiCorp,2018-11-01,502,471,31
HashiCorp,2018-12-01,406,407,-1
HashiCorp,2019-01-01,476,400,76
HashiCorp,2019-02-01,520,433,87
HashiCorp,2019-03-01,577,423,154
HashiCorp,2019-04-01,541,458,83
HashiCorp,2019-05-01,616,445,171
HashiCorp,2019-06-01,638,551,87
HashiCorp,2019-07-01,643,740,-97
HashiCorp,2019-08-01,694,615,79
HashiCorp,2019-09-01,726,427,299
HashiCorp,2019-10-01,705,499,206
HashiCorp,2019-11-01,670,657,13
HashiCorp,2019-12-01,565,464,101
HashiCorp,2020-01-01,654,528,126
HashiCorp,2020-02-01,640,533,107
HashiCorp,2020-03-01,726,575,151
HashiCorp,2020-04-01,832,683,149
HashiCorp,2020-05-01,776,627,149
HashiCorp,2020-06-01,919,848,71
HashiCorp,2020-07-01,883,636,247
HashiCorp,2020-08-01,964,933,31
HashiCorp,2020-09-01,968,739,229
HashiCorp,2020-10-01,1095,871,224
HashiCorp,2020-11-01,1199,931,268
HashiCorp,2020-12-01,1099,694,405
HashiCorp,2021-01-01,1184,989,195
HashiCorp,2021-02-01,1264,990,274
HashiCorp,2021-03-01,1314,1009,305
HashiCorp,2021-04-01,1657,1178,479
HashiCorp,2021-05-01,1210,804,406
HashiCorp,2021-06-01,1176,967,209
HashiCorp,2021-07-01,1137,821,316
HashiCorp,2021-08-01,1401,1173,228
HashiCorp,2021-09-01,1443,1095,348
HashiCorp,2021-10-01,481,382,99
HashiCorp,2021-11-01,1294,983,311
HashiCorp,2021-12-01,1128,929,199
HashiCorp,2022-01-01,1207,1117,90
HashiCorp,2022-02-01,1213,1021,192
HashiCorp,2022-03-01,1241,1083,158
HashiCorp,2022-04-01,1188,900,288
HashiCorp,2022-05-01,1206,861,345
HashiCorp,2022-06-01,1046,800,246
HashiCorp,2022-07-01,1058,924,134
HashiCorp,2022-08-01,1352,1116,236
HashiCorp,2022-09-01,1185,1000,185
HashiCorp,2022-10-01,1198,892,306
HashiCorp,2022-11-01,1234,966,268
HashiCorp,2022-12-01,990,763,227
HashiCorp,2023-01-01,1201,924,277
HashiCorp,2023-02-01,1212,990,222
HashiCorp,2023-03-01,1275,1008,267
HashiCorp,2023-04-01,1069,850,219
HashiCorp,2023-05-01,1340,1016,324
HashiCorp,2023-06-01,1097,970,127
HashiCorp,2023-07-01,1111,1122,-11
HashiCorp,2023-08-01,997,908,89
HashiCorp,2023-09-01,962,811,151
HashiCorp,2023-10-01,1118,933,185
HashiCorp,2023-11-01,1014,828,186
HashiCorp,2023-12-01,752,596,156
HashiCorp,2024-01-01,1016,944,72
HashiCorp,2024-02-01,944,864,80
HashiCorp,2024-03-01,1034,910,124
HashiCorp,2024-04-01,959,746,213
HashiCorp,2024-05-01,2186,2073,113
HashiCorp,2024-06-01,3535,968,2567
HashiCorp,2024-07-01,1454,863,591
HashiCorp,2024-08-01,897,766,131
HashiCorp,2024-09-01,752,661,91
HashiCorp,2024-10-01,918,708,210
HashiCorp,2024-11-01,173,159,14
Huawei,2015-07-01,5,1,4
Huawei,2015-08-01,1,0,1
Huawei,2015-12-01,7,3,4
Huawei,2016-01-01,6,5,1
Huawei,2016-02-01,0,1,-1
Huawei,2016-04-01,1,0,1
Huawei,2016-06-01,1,1,0
Huawei,2016-07-01,3,0,3
Huawei,2016-08-01,1,0,1
Huawei,2016-10-01,7,0,7
Huawei,2016-11-01,4,6,-2
Huawei,2016-12-01,4,1,3
Huawei,2017-01-01,2,3,-1
Huawei,2017-02-01,22,21,1
Huawei,2017-03-01,35,37,-2
Huawei,2017-04-01,8,6,2
Huawei,2017-05-01,1,2,-1
Huawei,2017-06-01,4,3,1
Huawei,2017-07-01,3,2,1
Huawei,2017-08-01,15,7,8
Huawei,2017-09-01,5,4,1
Huawei,2017-10-01,3,0,3
Huawei,2017-11-01,1,10,-9
Huawei,2017-12-01,6,14,-8
Huawei,2018-01-01,3,1,2
Huawei,2018-02-01,2,0,2
Huawei,2018-03-01,8,3,5
Huawei,2018-04-01,10,11,-1
Huawei,2018-05-01,13,3,10
Huawei,2018-06-01,5,12,-7
Huawei,2018-07-01,7,14,-7
Huawei,2018-08-01,8,3,5
Huawei,2018-09-01,6,3,3
Huawei,2018-10-01,4,0,4
Huawei,2018-11-01,7,11,-4
Huawei,2018-12-01,10,1,9
Huawei,2019-01-01,5,6,-1
Huawei,2019-02-01,2,0,2
Huawei,2019-03-01,16,6,10
Huawei,2019-04-01,11,2,9
Huawei,2019-05-01,18,4,14
Huawei,2019-06-01,29,18,11
Huawei,2019-07-01,47,29,18
Huawei,2019-08-01,38,32,6
Huawei,2019-09-01,23,10,13
Huawei,2019-10-01,20,9,11
Huawei,2019-11-01,23,31,-8
Huawei,2019-12-01,62,32,30
Huawei,2020-01-01,36,25,11
Huawei,2020-02-01,18,5,13
Huawei,2020-03-01,41,12,29
Huawei,2020-04-01,53,18,35
Huawei,2020-05-01,45,33,12
Huawei,2020-06-01,30,19,11
Huawei,2020-07-01,60,44,16
Huawei,2020-08-01,45,31,14
Huawei,2020-09-01,62,35,27
Huawei,2020-10-01,110,43,67
Huawei,2020-11-01,125,81,44
Huawei,2020-12-01,122,77,45
Huawei,2021-01-01,137,152,-15
Huawei,2021-02-01,107,92,15
Huawei,2021-03-01,109,69,40
Huawei,2021-04-01,108,75,33
Huawei,2021-05-01,105,108,-3
Huawei,2021-06-01,126,100,26
Huawei,2021-07-01,97,107,-10
Huawei,2021-08-01,99,71,28
Huawei,2021-09-01,99,64,35
Huawei,2021-10-01,22,29,-7
Huawei,2021-11-01,86,44,42
Huawei,2021-12-01,135,82,53
Huawei,2022-01-01,87,56,31
Huawei,2022-02-01,84,47,37
Huawei,2022-03-01,131,77,54
Huawei,2022-04-01,88,58,30
Huawei,2022-05-01,53,34,19
Huawei,2022-06-01,81,55,26
Huawei,2022-07-01,86,49,37
Huawei,2022-08-01,117,82,35
Huawei,2022-09-01,94,54,40
Huawei,2022-10-01,81,59,22
Huawei,2022-11-01,98,69,29
Huawei,2022-12-01,39,20,19
Huawei,2023-01-01,47,43,4
Huawei,2023-02-01,65,64,1
Huawei,2023-03-01,72,91,-19
Huawei,2023-04-01,66,131,-65
Huawei,2023-05-01,71,56,15
Huawei,2023-06-01,47,28,19
Huawei,2023-07-01,42,27,15
Huawei,2023-08-01,40,26,14
Huawei,2023-09-01,48,34,14
Huawei,2023-10-01,78,53,25
Huawei,2023-11-01,65,42,23
Huawei,2023-12-01,46,25,21
Huawei,2024-01-01,55,75,-20
Huawei,2024-02-01,27,25,2
Huawei,2024-03-01,51,47,4
Huawei,2024-04-01,44,34,10
Huawei,2024-05-01,32,24,8
Huawei,2024-06-01,32,12,20
Huawei,2024-07-01,39,25,14
Huawei,2024-08-01,27,20,7
Huawei,2024-09-01,27,17,10
Huawei,2024-10-01,26,10,16
Huawei,2024-11-01,9,3,6
IBM,2015-01-01,22,29,-7
IBM,2015-02-01,22,15,7
IBM,2015-03-01,32,34,-2
IBM,2015-04-01,27,21,6
IBM,2015-05-01,26,21,5
IBM,2015-06-01,21,24,-3
IBM,2015-07-01,22,14,8
IBM,2015-08-01,15,13,2
IBM,2015-09-01,12,13,-1
IBM,2015-10-01,23,18,5
IBM,2015-11-01,25,13,12
IBM,2015-12-01,26,26,0
IBM,2016-01-01,26,34,-8
IBM,2016-02-01,25,17,8
IBM,2016-03-01,45,31,14
IBM,2016-04-01,229,165,64
IBM,2016-05-01,198,146,52
IBM,2016-06-01,234,183,51
IBM,2016-07-01,190,149,41
IBM,2016-08-01,83,98,-15
IBM,2016-09-01,42,35,7
IBM,2016-10-01,55,51,4
IBM,2016-11-01,53,42,11
IBM,2016-12-01,46,38,8
IBM,2017-01-01,71,56,15
IBM,2017-02-01,62,61,1
IBM,2017-03-01,62,36,26
IBM,2017-04-01,99,65,34
IBM,2017-05-01,112,76,36
IBM,2017-06-01,152,91,61
IBM,2017-07-01,179,115,64
IBM,2017-08-01,158,112,46
IBM,2017-09-01,184,138,46
IBM,2017-10-01,219,182,37
IBM,2017-11-01,242,215,27
IBM,2017-12-01,165,118,47
IBM,2018-01-01,251,193,58
IBM,2018-02-01,307,209,98
IBM,2018-03-01,236,219,17
IBM,2018-04-01,221,186,35
IBM,2018-05-01,308,221,87
IBM,2018-06-01,328,218,110
IBM,2018-07-01,238,152,86
IBM,2018-08-01,239,166,73
IBM,2018-09-01,295,178,117
IBM,2018-10-01,452,301,151
IBM,2018-11-01,467,290,177
IBM,2018-12-01,438,374,64
IBM,2019-01-01,482,359,123
IBM,2019-02-01,699,699,0
IBM,2019-03-01,632,463,169
IBM,2019-04-01,690,678,12
IBM,2019-05-01,951,846,105
IBM,2019-06-01,816,782,34
IBM,2019-07-01,794,622,172
IBM,2019-08-01,761,598,163
IBM,2019-09-01,680,554,126
IBM,2019-10-01,841,591,250
IBM,2019-11-01,763,592,171
IBM,2019-12-01,530,678,-148
IBM,2020-01-01,755,758,-3
IBM,2020-02-01,882,696,186
IBM,2020-03-01,930,765,165
IBM,2020-04-01,999,715,284
IBM,2020-05-01,796,762,34
IBM,2020-06-01,881,760,121
IBM,2020-07-01,968,714,254
IBM,2020-08-01,903,537,366
IBM,2020-09-01,1024,688,336
IBM,2020-10-01,1206,980,226
IBM,2020-11-01,940,861,79
IBM,2020-12-01,636,602,34
IBM,2021-01-01,857,710,147
IBM,2021-02-01,815,767,48
IBM,2021-03-01,1105,935,170
IBM,2021-04-01,835,781,54
IBM,2021-05-01,833,632,201
IBM,2021-06-01,1121,885,236
IBM,2021-07-01,1064,993,71
IBM,2021-08-01,800,840,-40
IBM,2021-09-01,893,798,95
IBM,2021-10-01,338,242,96
IBM,2021-11-01,969,828,141
IBM,2021-12-01,783,521,262
IBM,2022-01-01,1325,804,521
IBM,2022-02-01,969,748,221
IBM,2022-03-01,1021,738,283
IBM,2022-04-01,790,657,133
IBM,2022-05-01,855,733,122
IBM,2022-06-01,961,768,193
IBM,2022-07-01,812,681,131
IBM,2022-08-01,945,746,199
IBM,2022-09-01,959,684,275
IBM,2022-10-01,948,744,204
IBM,2022-11-01,998,763,235
IBM,2022-12-01,656,627,29
IBM,2023-01-01,736,554,182
IBM,2023-02-01,788,640,148
IBM,2023-03-01,858,694,164
IBM,2023-04-01,785,610,175
IBM,2023-05-01,859,738,121
IBM,2023-06-01,830,761,69
IBM,2023-07-01,826,755,71
IBM,2023-08-01,848,1002,-154
IBM,2023-09-01,723,771,-48
IBM,2023-10-01,900,769,131
IBM,2023-11-01,789,850,-61
IBM,2023-12-01,527,625,-98
IBM,2024-01-01,1001,832,169
IBM,2024-02-01,855,956,-101
IBM,2024-03-01,882,717,165
IBM,2024-04-01,893,622,271
IBM,2024-05-01,1115,808,307
IBM,2024-06-01,962,825,137
IBM,2024-07-01,783,685,98
IBM,2024-08-01,797,677,120
IBM,2024-09-01,912,810,102
IBM,2024-10-01,865,791,74
IBM,2024-11-01,245,176,69
Instructure,2015-01-01,17,55,-38
Instructure,2015-02-01,25,28,-3
Instructure,2015-03-01,11,5,6
Instructure,2015-04-01,9,7,2
Instructure,2015-05-01,10,5,5
Instructure,2015-06-01,17,8,9
Instructure,2015-07-01,12,15,-3
Instructure,2015-08-01,24,18,6
Instructure,2015-09-01,12,13,-1
Instructure,2015-10-01,16,13,3
Instructure,2015-11-01,13,8,5
Instructure,2015-12-01,16,31,-15
Instructure,2016-01-01,38,5,33
Instructure,2016-02-01,24,19,5
Instructure,2016-03-01,27,18,9
Instructure,2016-04-01,23,8,15
Instructure,2016-05-01,19,9,10
Instructure,2016-06-01,22,19,3
Instructure,2016-07-01,22,49,-27
Instructure,2016-08-01,11,7,4
Instructure,2016-09-01,25,4,21
Instructure,2016-10-01,40,26,14
Instructure,2016-11-01,22,9,13
Instructure,2016-12-01,6,3,3
Instructure,2017-01-01,10,5,5
Instructure,2017-02-01,22,26,-4
Instructure,2017-03-01,21,6,15
Instructure,2017-04-01,20,14,6
Instructure,2017-05-01,17,16,1
Instructure,2017-06-01,25,8,17
Instructure,2017-07-01,25,21,4
Instructure,2017-08-01,26,8,18
Instructure,2017-09-01,22,17,5
Instructure,2017-10-01,22,12,10
Instructure,2017-11-01,24,51,-27
Instructure,2017-12-01,19,15,4
Instructure,2018-01-01,33,21,12
Instructure,2018-02-01,30,9,21
Instructure,2018-03-01,28,42,-14
Instructure,2018-04-01,19,19,0
Instructure,2018-05-01,22,17,5
Instructure,2018-06-01,17,8,9
Instructure,2018-07-01,13,19,-6
Instructure,2018-08-01,15,55,-40
Instructure,2018-09-01,31,14,17
Instructure,2018-10-01,26,19,7
Instructure,2018-11-01,21,8,13
Instructure,2018-12-01,18,19,-1
Instructure,2019-01-01,15,6,9
Instructure,2019-02-01,13,8,5
Instructure,2019-03-01,9,12,-3
Instructure,2019-04-01,14,7,7
Instructure,2019-05-01,18,8,10
Instructure,2019-06-01,10,11,-1
Instructure,2019-07-01,10,11,-1
Instructure,2019-08-01,16,16,0
Instructure,2019-09-01,13,6,7
Instructure,2019-10-01,18,8,10
Instructure,2019-11-01,16,22,-6
Instructure,2019-12-01,15,8,7
Instructure,2020-01-01,12,12,0
Instructure,2020-02-01,19,5,14
Instructure,2020-03-01,14,7,7
Instructure,2020-04-01,22,11,11
Instructure,2020-05-01,20,14,6
Instructure,2020-06-01,23,8,15
Instructure,2020-07-01,23,9,14
Instructure,2020-08-01,20,9,11
Instructure,2020-09-01,49,10,39
Instructure,2020-10-01,32,13,19
Instructure,2020-11-01,112,66,46
Instructure,2020-12-01,24,95,-71
Instructure,2021-01-01,18,10,8
Instructure,2021-02-01,17,8,9
Instructure,2021-03-01,23,15,8
Instructure,2021-04-01,34,20,14
Instructure,2021-05-01,16,13,3
Instructure,2021-06-01,23,4,19
Instructure,2021-07-01,15,13,2
Instructure,2021-08-01,12,4,8
Instructure,2021-09-01,15,11,4
Instructure,2021-10-01,7,4,3
Instructure,2021-11-01,20,12,8
Instructure,2021-12-01,9,7,2
Instructure,2022-01-01,17,8,9
Instructure,2022-02-01,15,5,10
Instructure,2022-03-01,12,6,6
Instructure,2022-04-01,19,12,7
Instructure,2022-05-01,8,16,-8
Instructure,2022-06-01,10,4,6
Instructure,2022-07-01,8,4,4
Instructure,2022-08-01,12,5,7
Instructure,2022-09-01,10,1,9
Instructure,2022-10-01,15,3,12
Instructure,2022-11-01,13,2,11
Instructure,2022-12-01,9,2,7
Instructure,2023-01-01,9,7,2
Instructure,2023-02-01,18,4,14
Instructure,2023-03-01,13,9,4
Instructure,2023-04-01,8,8,0
Instructure,2023-05-01,22,7,15
Instructure,2023-06-01,10,9,1
Instructure,2023-07-01,12,4,8
Instructure,2023-08-01,9,18,-9
Instructure,2023-09-01,13,9,4
Instructure,2023-10-01,26,10,16
Instructure,2023-11-01,24,7,17
Instructure,2023-12-01,10,9,1
Instructure,2024-01-01,11,2,9
Instructure,2024-02-01,15,14,1
Instructure,2024-03-01,13,5,8
Instructure,2024-04-01,13,6,7
Instructure,2024-05-01,7,4,3
Instructure,2024-06-01,17,7,10
Instructure,2024-07-01,13,4,9
Instructure,2024-08-01,11,5,6
Instructure,2024-09-01,11,2,9
Instructure,2024-10-01,9,5,4
Instructure,2024-11-01,0,1,-1
Intel,2015-01-01,248,168,80
Intel,2015-02-01,232,106,126
Intel,2015-03-01,350,134,216
Intel,2015-04-01,214,96,118
Intel,2015-05-01,206,96,110
Intel,2015-06-01,194,56,138
Intel,2015-07-01,194,68,126
Intel,2015-08-01,156,42,114
Intel,2015-09-01,160,78,82
Intel,2015-10-01,166,52,114
Intel,2015-11-01,166,62,104
Intel,2015-12-01,254,182,72
Intel,2016-01-01,354,252,102
Intel,2016-02-01,252,180,72
Intel,2016-03-01,422,406,16
Intel,2016-04-01,290,312,-22
Intel,2016-05-01,270,306,-36
Intel,2016-06-01,246,278,-32
Intel,2016-07-01,216,240,-24
Intel,2016-08-01,182,452,-270
Intel,2016-09-01,212,350,-138
Intel,2016-10-01,194,98,96
Intel,2016-11-01,220,328,-108
Intel,2016-12-01,174,150,24
Intel,2017-01-01,170,108,62
Intel,2017-02-01,150,198,-48
Intel,2017-03-01,194,224,-30
Intel,2017-04-01,192,146,46
Intel,2017-05-01,140,158,-18
Intel,2017-06-01,162,218,-56
Intel,2017-07-01,194,106,88
Intel,2017-08-01,166,112,54
Intel,2017-09-01,176,316,-140
Intel,2017-10-01,226,1432,-1206
Intel,2017-11-01,210,418,-208
Intel,2017-12-01,380,198,182
Intel,2018-01-01,398,436,-38
Intel,2018-02-01,434,324,110
Intel,2018-03-01,474,340,134
Intel,2018-04-01,408,282,126
Intel,2018-05-01,374,378,-4
Intel,2018-06-01,442,270,172
Intel,2018-07-01,348,316,32
Intel,2018-08-01,450,292,158
Intel,2018-09-01,444,314,130
Intel,2018-10-01,496,306,190
Intel,2018-11-01,358,292,66
Intel,2018-12-01,406,266,140
Intel,2019-01-01,558,406,152
Intel,2019-02-01,524,310,214
Intel,2019-03-01,654,378,276
Intel,2019-04-01,546,412,134
Intel,2019-05-01,516,280,236
Intel,2019-06-01,486,320,166
Intel,2019-07-01,494,354,140
Intel,2019-08-01,486,370,116
Intel,2019-09-01,432,260,172
Intel,2019-10-01,498,318,180
Intel,2019-11-01,532,418,114
Intel,2019-12-01,450,300,150
Intel,2020-01-01,648,456,192
Intel,2020-02-01,594,370,224
Intel,2020-03-01,656,512,144
Intel,2020-04-01,792,500,292
Intel,2020-05-01,780,642,138
Intel,2020-06-01,852,560,292
Intel,2020-07-01,776,890,-114
Intel,2020-08-01,562,476,86
Intel,2020-09-01,674,626,48
Intel,2020-10-01,572,632,-60
Intel,2020-11-01,694,518,176
Intel,2020-12-01,546,466,80
Intel,2021-01-01,678,482,196
Intel,2021-02-01,584,446,138
Intel,2021-03-01,612,512,100
Intel,2021-04-01,582,494,88
Intel,2021-05-01,434,268,166
Intel,2021-06-01,524,466,58
Intel,2021-07-01,618,444,174
Intel,2021-08-01,522,338,184
Intel,2021-09-01,616,432,184
Intel,2021-10-01,256,152,104
Intel,2021-11-01,614,484,130
Intel,2021-12-01,586,486,100
Intel,2022-01-01,608,552,56
Intel,2022-02-01,502,446,56
Intel,2022-03-01,740,700,40
Intel,2022-04-01,722,482,240
Intel,2022-05-01,576,434,142
Intel,2022-06-01,630,486,144
Intel,2022-07-01,566,418,148
Intel,2022-08-01,648,538,110
Intel,2022-09-01,728,520,208
Intel,2022-10-01,790,774,16
Intel,2022-11-01,822,608,214
Intel,2022-12-01,702,560,142
Intel,2023-01-01,708,604,104
Intel,2023-02-01,868,592,276
Intel,2023-03-01,1096,718,378
Intel,2023-04-01,822,616,206
Intel,2023-05-01,694,552,142
Intel,2023-06-01,756,520,236
Intel,2023-07-01,932,632,300
Intel,2023-08-01,814,596,218
Intel,2023-09-01,842,662,180
Intel,2023-10-01,954,682,272
Intel,2023-11-01,898,494,404
Intel,2023-12-01,884,668,216
Intel,2024-01-01,1302,834,468
Intel,2024-02-01,1156,772,384
Intel,2024-03-01,1256,998,258
Intel,2024-04-01,1296,1128,168
Intel,2024-05-01,1168,974,194
Intel,2024-06-01,1236,1044,192
Intel,2024-07-01,1406,1286,120
Intel,2024-08-01,1476,1342,134
Intel,2024-09-01,1158,1098,60
Intel,2024-10-01,1004,932,72
Intel,2024-11-01,190,114,76
JD,2017-03-01,2,0,2
JD,2017-04-01,2,1,1
JD,2017-05-01,2,0,2
JD,2017-10-01,1,0,1
JD,2017-11-01,1,1,0
JD,2017-12-01,1,0,1
JD,2018-01-01,32,20,12
JD,2018-02-01,7,3,4
JD,2018-03-01,9,5,4
JD,2018-04-01,9,8,1
JD,2018-05-01,10,1,9
JD,2018-06-01,189,129,60
JD,2018-07-01,146,89,57
JD,2018-08-01,142,142,0
JD,2018-09-01,223,152,71
JD,2018-10-01,240,243,-3
JD,2018-11-01,347,311,36
JD,2018-12-01,429,358,71
JD,2019-01-01,330,274,56
JD,2019-02-01,232,138,94
JD,2019-03-01,425,339,86
JD,2019-04-01,341,410,-69
JD,2019-05-01,383,238,145
JD,2019-06-01,393,347,46
JD,2019-07-01,456,362,94
JD,2019-08-01,359,291,68
JD,2019-09-01,201,142,59
JD,2019-10-01,208,154,54
JD,2019-11-01,252,183,69
JD,2019-12-01,253,290,-37
JD,2020-01-01,186,166,20
JD,2020-02-01,203,140,63
JD,2020-03-01,279,230,49
JD,2020-04-01,310,246,64
JD,2020-05-01,248,161,87
JD,2020-06-01,253,148,105
JD,2020-07-01,355,687,-332
JD,2020-08-01,215,146,69
JD,2020-09-01,263,171,92
JD,2020-10-01,136,71,65
JD,2020-11-01,203,167,36
JD,2020-12-01,215,135,80
JD,2021-01-01,180,143,37
JD,2021-02-01,142,335,-193
JD,2021-03-01,179,116,63
JD,2021-04-01,208,193,15
JD,2021-05-01,155,80,75
JD,2021-06-01,164,134,30
JD,2021-07-01,213,155,58
JD,2021-08-01,161,111,50
JD,2021-09-01,164,141,23
JD,2021-10-01,54,29,25
JD,2021-11-01,164,123,41
JD,2021-12-01,173,151,22
JD,2022-01-01,143,199,-56
JD,2022-02-01,112,116,-4
JD,2022-03-01,169,134,35
JD,2022-04-01,178,143,35
JD,2022-05-01,118,143,-25
JD,2022-06-01,166,140,26
JD,2022-07-01,144,121,23
JD,2022-08-01,229,244,-15
JD,2022-09-01,203,186,17
JD,2022-10-01,153,167,-14
JD,2022-11-01,183,152,31
JD,2022-12-01,134,110,24
JD,2023-01-01,121,122,-1
JD,2023-02-01,190,169,21
JD,2023-03-01,217,184,33
JD,2023-04-01,180,168,12
JD,2023-05-01,173,124,49
JD,2023-06-01,168,143,25
JD,2023-07-01,178,170,8
JD,2023-08-01,193,157,36
JD,2023-09-01,169,177,-8
JD,2023-10-01,102,82,20
JD,2023-11-01,157,121,36
JD,2023-12-01,139,84,55
JD,2024-01-01,101,93,8
JD,2024-02-01,61,105,-44
JD,2024-03-01,121,78,43
JD,2024-04-01,159,177,-18
JD,2024-05-01,166,125,41
JD,2024-06-01,184,122,62
JD,2024-07-01,179,127,52
JD,2024-08-01,227,163,64
JD,2024-09-01,197,135,62
JD,2024-10-01,132,95,37
JD,2024-11-01,42,37,5
JFrog,2018-06-01,16,9,7
JFrog,2018-07-01,23,10,13
JFrog,2018-08-01,34,17,17
JFrog,2018-09-01,28,17,11
JFrog,2018-10-01,31,19,12
JFrog,2018-11-01,22,18,4
JFrog,2018-12-01,31,20,11
JFrog,2019-01-01,30,19,11
JFrog,2019-02-01,36,14,22
JFrog,2019-03-01,44,31,13
JFrog,2019-04-01,45,28,17
JFrog,2019-05-01,30,31,-1
JFrog,2019-06-01,30,31,-1
JFrog,2019-07-01,40,14,26
JFrog,2019-08-01,37,39,-2
JFrog,2019-09-01,46,33,13
JFrog,2019-10-01,68,31,37
JFrog,2019-11-01,51,28,23
JFrog,2019-12-01,47,27,20
JFrog,2020-01-01,52,33,19
JFrog,2020-02-01,40,19,21
JFrog,2020-03-01,74,56,18
JFrog,2020-04-01,60,45,15
JFrog,2020-05-01,39,28,11
JFrog,2020-06-01,52,35,17
JFrog,2020-07-01,42,37,5
JFrog,2020-08-01,49,33,16
JFrog,2020-09-01,53,29,24
JFrog,2020-10-01,71,34,37
JFrog,2020-11-01,76,62,14
JFrog,2020-12-01,60,54,6
JFrog,2021-01-01,62,45,17
JFrog,2021-02-01,49,26,23
JFrog,2021-03-01,78,47,31
JFrog,2021-04-01,73,38,35
JFrog,2021-05-01,70,47,23
JFrog,2021-06-01,64,26,38
JFrog,2021-07-01,48,18,30
JFrog,2021-08-01,52,38,14
JFrog,2021-09-01,68,47,21
JFrog,2021-10-01,23,21,2
JFrog,2021-11-01,65,32,33
JFrog,2021-12-01,97,59,38
JFrog,2022-01-01,81,44,37
JFrog,2022-02-01,63,43,20
JFrog,2022-03-01,90,57,33
JFrog,2022-04-01,87,82,5
JFrog,2022-05-01,50,28,22
JFrog,2022-06-01,57,33,24
JFrog,2022-07-01,66,40,26
JFrog,2022-08-01,49,36,13
JFrog,2022-09-01,54,30,24
JFrog,2022-10-01,71,44,27
JFrog,2022-11-01,44,24,20
JFrog,2022-12-01,54,19,35
JFrog,2023-01-01,55,41,14
JFrog,2023-02-01,73,28,45
JFrog,2023-03-01,82,47,35
JFrog,2023-04-01,56,24,32
JFrog,2023-05-01,64,40,24
JFrog,2023-06-01,65,31,34
JFrog,2023-07-01,65,41,24
JFrog,2023-08-01,83,32,51
JFrog,2023-09-01,60,39,21
JFrog,2023-10-01,72,40,32
JFrog,2023-11-01,69,26,43
JFrog,2023-12-01,53,62,-9
JFrog,2024-01-01,70,46,24
JFrog,2024-02-01,73,30,43
JFrog,2024-03-01,70,54,16
JFrog,2024-04-01,66,51,15
JFrog,2024-05-01,58,66,-8
JFrog,2024-06-01,40,19,21
JFrog,2024-07-01,66,44,22
JFrog,2024-08-01,43,76,-33
JFrog,2024-09-01,67,38,29
JFrog,2024-10-01,67,38,29
JFrog,2024-11-01,17,21,-4
JetBrains,2015-01-01,22,9,13
JetBrains,2015-02-01,14,6,8
JetBrains,2015-03-01,26,9,17
JetBrains,2015-04-01,26,9,17
JetBrains,2015-05-01,17,11,6
JetBrains,2015-06-01,20,16,4
JetBrains,2015-07-01,21,25,-4
JetBrains,2015-08-01,21,11,10
JetBrains,2015-09-01,28,13,15
JetBrains,2015-10-01,20,34,-14
JetBrains,2015-11-01,28,23,5
JetBrains,2015-12-01,10,5,5
JetBrains,2016-01-01,23,6,17
JetBrains,2016-02-01,23,14,9
JetBrains,2016-03-01,33,20,13
JetBrains,2016-04-01,24,19,5
JetBrains,2016-05-01,37,43,-6
JetBrains,2016-06-01,35,27,8
JetBrains,2016-07-01,52,33,19
JetBrains,2016-08-01,42,26,16
JetBrains,2016-09-01,60,44,16
JetBrains,2016-10-01,60,54,6
JetBrains,2016-11-01,81,64,17
JetBrains,2016-12-01,79,56,23
JetBrains,2017-01-01,49,48,1
JetBrains,2017-02-01,55,53,2
JetBrains,2017-03-01,48,36,12
JetBrains,2017-04-01,75,53,22
JetBrains,2017-05-01,83,55,28
JetBrains,2017-06-01,68,50,18
JetBrains,2017-07-01,79,39,40
JetBrains,2017-08-01,83,74,9
JetBrains,2017-09-01,115,91,24
JetBrains,2017-10-01,116,99,17
JetBrains,2017-11-01,119,89,30
JetBrains,2017-12-01,120,102,18
JetBrains,2018-01-01,90,61,29
JetBrains,2018-02-01,133,106,27
JetBrains,2018-03-01,149,132,17
JetBrains,2018-04-01,128,77,51
JetBrains,2018-05-01,126,96,30
JetBrains,2018-06-01,130,98,32
JetBrains,2018-07-01,138,90,48
JetBrains,2018-08-01,210,128,82
JetBrains,2018-09-01,163,102,61
JetBrains,2018-10-01,160,95,65
JetBrains,2018-11-01,156,111,45
JetBrains,2018-12-01,130,88,42
JetBrains,2019-01-01,144,118,26
JetBrains,2019-02-01,137,123,14
JetBrains,2019-03-01,145,108,37
JetBrains,2019-04-01,143,135,8
JetBrains,2019-05-01,164,100,64
JetBrains,2019-06-01,100,101,-1
JetBrains,2019-07-01,124,103,21
JetBrains,2019-08-01,139,117,22
JetBrains,2019-09-01,118,106,12
JetBrains,2019-10-01,156,104,52
JetBrains,2019-11-01,136,121,15
JetBrains,2019-12-01,151,112,39
JetBrains,2020-01-01,237,145,92
JetBrains,2020-02-01,260,147,113
JetBrains,2020-03-01,283,196,87
JetBrains,2020-04-01,259,247,12
JetBrains,2020-05-01,189,125,64
JetBrains,2020-06-01,168,125,43
JetBrains,2020-07-01,244,205,39
JetBrains,2020-08-01,216,180,36
JetBrains,2020-09-01,212,178,34
JetBrains,2020-10-01,188,194,-6
JetBrains,2020-11-01,170,132,38
JetBrains,2020-12-01,172,165,7
JetBrains,2021-01-01,142,116,26
JetBrains,2021-02-01,175,111,64
JetBrains,2021-03-01,200,137,63
JetBrains,2021-04-01,136,127,9
JetBrains,2021-05-01,146,104,42
JetBrains,2021-06-01,170,115,55
JetBrains,2021-07-01,182,136,46
JetBrains,2021-08-01,235,115,120
JetBrains,2021-09-01,301,130,171
JetBrains,2021-10-01,116,92,24
JetBrains,2021-11-01,264,197,67
JetBrains,2021-12-01,185,70,115
JetBrains,2022-01-01,148,98,50
JetBrains,2022-02-01,127,80,47
JetBrains,2022-03-01,115,84,31
JetBrains,2022-04-01,130,118,12
JetBrains,2022-05-01,107,55,52
JetBrains,2022-06-01,114,43,71
JetBrains,2022-07-01,82,68,14
JetBrains,2022-08-01,101,80,21
JetBrains,2022-09-01,111,72,39
JetBrains,2022-10-01,114,67,47
JetBrains,2022-11-01,120,77,43
JetBrains,2022-12-01,148,59,89
JetBrains,2023-01-01,144,68,76
JetBrains,2023-02-01,167,105,62
JetBrains,2023-03-01,247,120,127
JetBrains,2023-04-01,240,192,48
JetBrains,2023-05-01,183,150,33
JetBrains,2023-06-01,187,126,61
JetBrains,2023-07-01,259,143,116
JetBrains,2023-08-01,283,207,76
JetBrains,2023-09-01,229,172,57
JetBrains,2023-10-01,287,206,81
JetBrains,2023-11-01,238,157,81
JetBrains,2023-12-01,272,982,-710
JetBrains,2024-01-01,204,162,42
JetBrains,2024-02-01,242,178,64
JetBrains,2024-03-01,256,232,24
JetBrains,2024-04-01,268,213,55
JetBrains,2024-05-01,233,158,75
JetBrains,2024-06-01,217,211,6
JetBrains,2024-07-01,222,304,-82
JetBrains,2024-08-01,166,161,5
JetBrains,2024-09-01,150,1529,-1379
JetBrains,2024-10-01,131,108,23
JetBrains,2024-11-01,29,50,-21
Jina AI,2020-04-01,1,4,-3
Jina AI,2020-05-01,36,26,10
Jina AI,2020-06-01,22,12,10
Jina AI,2020-07-01,26,21,5
Jina AI,2020-08-01,44,42,2
Jina AI,2020-09-01,34,37,-3
Jina AI,2020-10-01,22,15,7
Jina AI,2020-11-01,56,10,46
Jina AI,2020-12-01,45,77,-32
Jina AI,2021-01-01,156,161,-5
Jina AI,2021-02-01,58,47,11
Jina AI,2021-03-01,139,79,60
Jina AI,2021-04-01,53,84,-31
Jina AI,2021-05-01,34,54,-20
Jina AI,2021-06-01,30,28,2
Jina AI,2021-07-01,54,53,1
Jina AI,2021-08-01,52,53,-1
Jina AI,2021-09-01,58,51,7
Jina AI,2021-10-01,12,13,-1
Jina AI,2021-11-01,45,36,9
Jina AI,2021-12-01,34,24,10
Jina AI,2022-01-01,26,33,-7
Jina AI,2022-02-01,16,19,-3
Jina AI,2022-03-01,9,4,5
Jina AI,2022-04-01,28,23,5
Jina AI,2022-05-01,51,26,25
Jina AI,2022-06-01,78,53,25
Jina AI,2022-07-01,101,75,26
Jina AI,2022-08-01,83,56,27
Jina AI,2022-09-01,56,41,15
Jina AI,2022-10-01,40,41,-1
Jina AI,2022-11-01,40,34,6
Jina AI,2022-12-01,19,19,0
Jina AI,2023-01-01,18,14,4
Jina AI,2023-02-01,23,9,14
Jina AI,2023-03-01,26,23,3
Jina AI,2023-04-01,73,32,41
Jina AI,2023-05-01,35,32,3
Jina AI,2023-06-01,28,35,-7
Jina AI,2023-07-01,30,33,-3
Jina AI,2023-08-01,15,7,8
Jina AI,2023-09-01,11,5,6
Jina AI,2023-10-01,7,2,5
Jina AI,2023-11-01,3,9,-6
Jina AI,2023-12-01,3,1,2
Jina AI,2024-01-01,2,0,2
Jina AI,2024-02-01,3,0,3
Jina AI,2024-03-01,3,1,2
Jina AI,2024-04-01,36,14,22
Jina AI,2024-05-01,25,13,12
Jina AI,2024-06-01,14,5,9
Jina AI,2024-07-01,8,5,3
Jina AI,2024-08-01,18,11,7
Jina AI,2024-09-01,13,10,3
Jina AI,2024-10-01,13,12,1
Jina AI,2024-11-01,23,2,21
Juejin,2015-10-01,2,0,2
Juejin,2015-12-01,69,65,4
Juejin,2016-01-01,1,1,0
Juejin,2016-02-01,41,26,15
Juejin,2016-03-01,35,38,-3
Juejin,2016-04-01,64,54,10
Juejin,2016-05-01,44,49,-5
Juejin,2016-06-01,70,69,1
Juejin,2016-07-01,65,73,-8
Juejin,2016-08-01,62,58,4
Juejin,2016-09-01,44,41,3
Juejin,2016-10-01,63,54,9
Juejin,2016-11-01,67,71,-4
Juejin,2016-12-01,48,57,-9
Juejin,2017-01-01,52,40,12
Juejin,2017-02-01,83,80,3
Juejin,2017-03-01,115,100,15
Juejin,2017-04-01,192,142,50
Juejin,2017-05-01,67,117,-50
Juejin,2017-06-01,107,102,5
Juejin,2017-07-01,138,101,37
Juejin,2017-08-01,104,141,-37
Juejin,2017-09-01,113,94,19
Juejin,2017-10-01,89,105,-16
Juejin,2017-11-01,137,126,11
Juejin,2017-12-01,398,404,-6
Juejin,2018-01-01,131,124,7
Juejin,2018-02-01,119,100,19
Juejin,2018-03-01,162,175,-13
Juejin,2018-04-01,111,114,-3
Juejin,2018-05-01,116,113,3
Juejin,2018-06-01,75,87,-12
Juejin,2018-07-01,106,110,-4
Juejin,2018-08-01,81,78,3
Juejin,2018-09-01,99,95,4
Juejin,2018-10-01,91,87,4
Juejin,2018-11-01,76,74,2
Juejin,2018-12-01,79,89,-10
Juejin,2019-01-01,83,93,-10
Juejin,2019-02-01,121,117,4
Juejin,2019-03-01,114,116,-2
Juejin,2019-04-01,93,94,-1
Juejin,2019-05-01,101,99,2
Juejin,2019-06-01,84,83,1
Juejin,2019-07-01,89,91,-2
Juejin,2019-08-01,54,58,-4
Juejin,2019-09-01,30,26,4
Juejin,2019-10-01,28,35,-7
Juejin,2019-11-01,42,30,12
Juejin,2019-12-01,41,57,-16
Juejin,2020-01-01,36,26,10
Juejin,2020-02-01,59,45,14
Juejin,2020-03-01,58,50,8
Juejin,2020-04-01,58,57,1
Juejin,2020-05-01,78,73,5
Juejin,2020-06-01,18,34,-16
Juejin,2020-07-01,28,19,9
Juejin,2020-08-01,50,44,6
Juejin,2020-09-01,50,41,9
Juejin,2020-10-01,50,43,7
Juejin,2020-11-01,52,50,2
Juejin,2020-12-01,44,50,-6
Juejin,2021-01-01,80,73,7
Juejin,2021-02-01,78,71,7
Juejin,2021-03-01,130,108,22
Juejin,2021-04-01,66,83,-17
Juejin,2021-05-01,65,63,2
Juejin,2021-06-01,110,70,40
Juejin,2021-07-01,41,99,-58
Juejin,2021-08-01,40,41,-1
Juejin,2021-09-01,22,26,-4
Juejin,2021-10-01,10,8,2
Juejin,2021-11-01,6,7,-1
Juejin,2021-12-01,24,28,-4
Juejin,2022-01-01,28,26,2
Juejin,2022-02-01,16,14,2
Juejin,2022-03-01,24,26,-2
Juejin,2022-04-01,10,17,-7
Juejin,2022-05-01,12,12,0
Juejin,2022-06-01,3,11,-8
Juejin,2022-07-01,13,16,-3
Juejin,2022-08-01,19,14,5
Juejin,2022-09-01,10,13,-3
Juejin,2022-10-01,13,11,2
Juejin,2022-11-01,12,12,0
Juejin,2022-12-01,5,4,1
Juejin,2023-01-01,6,7,-1
Juejin,2023-02-01,10,10,0
Juejin,2023-03-01,7,5,2
Juejin,2023-04-01,9,10,-1
Juejin,2023-05-01,9,7,2
Juejin,2023-06-01,0,1,-1
Juejin,2023-07-01,7,6,1
Juejin,2023-08-01,2,1,1
Juejin,2023-09-01,3,0,3
Juejin,2023-10-01,5,4,1
Juejin,2023-11-01,6,4,2
Juejin,2023-12-01,1,1,0
Juejin,2024-01-01,2,3,-1
Juejin,2024-02-01,1,0,1
Juejin,2024-03-01,2,2,0
Juejin,2024-05-01,0,2,-2
Juejin,2024-07-01,1,1,0
Juejin,2024-08-01,1,1,0
Juejin,2024-09-01,3,2,1
Juejin,2024-10-01,1,1,0
JuiceData,2018-11-01,2,1,1
JuiceData,2018-12-01,4,3,1
JuiceData,2019-01-01,0,1,-1
JuiceData,2019-03-01,1,1,0
JuiceData,2019-05-01,2,3,-1
JuiceData,2019-06-01,1,0,1
JuiceData,2019-07-01,2,2,0
JuiceData,2019-10-01,10,3,7
JuiceData,2019-11-01,4,1,3
JuiceData,2019-12-01,3,4,-1
JuiceData,2020-01-01,7,6,1
JuiceData,2020-02-01,1,2,-1
JuiceData,2020-03-01,8,8,0
JuiceData,2020-04-01,2,2,0
JuiceData,2020-05-01,0,3,-3
JuiceData,2020-06-01,1,2,-1
JuiceData,2020-07-01,0,1,-1
JuiceData,2020-10-01,1,1,0
JuiceData,2020-11-01,5,5,0
JuiceData,2020-12-01,4,3,1
JuiceData,2021-01-01,71,54,17
JuiceData,2021-02-01,12,11,1
JuiceData,2021-03-01,27,28,-1
JuiceData,2021-04-01,33,23,10
JuiceData,2021-05-01,18,23,-5
JuiceData,2021-06-01,31,29,2
JuiceData,2021-07-01,27,28,-1
JuiceData,2021-08-01,24,17,7
JuiceData,2021-09-01,26,21,5
JuiceData,2021-10-01,8,8,0
JuiceData,2021-11-01,44,27,17
JuiceData,2021-12-01,40,35,5
JuiceData,2022-01-01,38,35,3
JuiceData,2022-02-01,40,39,1
JuiceData,2022-03-01,50,46,4
JuiceData,2022-04-01,88,76,12
JuiceData,2022-05-01,59,48,11
JuiceData,2022-06-01,49,43,6
JuiceData,2022-07-01,28,22,6
JuiceData,2022-08-01,82,43,39
JuiceData,2022-09-01,63,53,10
JuiceData,2022-10-01,28,23,5
JuiceData,2022-11-01,39,27,12
JuiceData,2022-12-01,50,32,18
JuiceData,2023-01-01,24,36,-12
JuiceData,2023-02-01,35,24,11
JuiceData,2023-03-01,43,23,20
JuiceData,2023-04-01,38,28,10
JuiceData,2023-05-01,38,68,-30
JuiceData,2023-06-01,51,44,7
JuiceData,2023-07-01,24,24,0
JuiceData,2023-08-01,30,24,6
JuiceData,2023-09-01,25,13,12
JuiceData,2023-10-01,19,15,4
JuiceData,2023-11-01,32,26,6
JuiceData,2023-12-01,36,31,5
JuiceData,2024-01-01,33,25,8
JuiceData,2024-02-01,21,8,13
JuiceData,2024-03-01,66,49,17
JuiceData,2024-04-01,61,40,21
JuiceData,2024-05-01,29,30,-1
JuiceData,2024-06-01,26,12,14
JuiceData,2024-07-01,34,20,14
JuiceData,2024-08-01,32,22,10
JuiceData,2024-09-01,40,33,7
JuiceData,2024-10-01,36,29,7
JuiceData,2024-11-01,3,2,1
Kaltura,2015-01-01,28,28,0
Kaltura,2015-02-01,25,16,9
Kaltura,2015-03-01,32,28,4
Kaltura,2015-04-01,32,23,9
Kaltura,2015-05-01,26,17,9
Kaltura,2015-06-01,26,25,1
Kaltura,2015-07-01,23,31,-8
Kaltura,2015-08-01,21,18,3
Kaltura,2015-09-01,16,30,-14
Kaltura,2015-10-01,38,33,5
Kaltura,2015-11-01,25,20,5
Kaltura,2015-12-01,20,23,-3
Kaltura,2016-01-01,26,27,-1
Kaltura,2016-02-01,63,52,11
Kaltura,2016-03-01,40,39,1
Kaltura,2016-04-01,38,35,3
Kaltura,2016-05-01,35,30,5
Kaltura,2016-06-01,38,25,13
Kaltura,2016-07-01,25,34,-9
Kaltura,2016-08-01,28,18,10
Kaltura,2016-09-01,26,23,3
Kaltura,2016-10-01,24,32,-8
Kaltura,2016-11-01,23,23,0
Kaltura,2016-12-01,19,19,0
Kaltura,2017-01-01,18,23,-5
Kaltura,2017-02-01,25,23,2
Kaltura,2017-03-01,23,21,2
Kaltura,2017-04-01,21,23,-2
Kaltura,2017-05-01,25,16,9
Kaltura,2017-06-01,15,20,-5
Kaltura,2017-07-01,29,20,9
Kaltura,2017-08-01,28,30,-2
Kaltura,2017-09-01,28,84,-56
Kaltura,2017-10-01,11,13,-2
Kaltura,2017-11-01,28,14,14
Kaltura,2017-12-01,23,20,3
Kaltura,2018-01-01,27,25,2
Kaltura,2018-02-01,26,21,5
Kaltura,2018-03-01,42,11,31
Kaltura,2018-04-01,21,40,-19
Kaltura,2018-05-01,35,29,6
Kaltura,2018-06-01,16,21,-5
Kaltura,2018-07-01,22,19,3
Kaltura,2018-08-01,12,6,6
Kaltura,2018-09-01,12,9,3
Kaltura,2018-10-01,16,12,4
Kaltura,2018-11-01,17,11,6
Kaltura,2018-12-01,9,19,-10
Kaltura,2019-01-01,10,9,1
Kaltura,2019-02-01,19,18,1
Kaltura,2019-03-01,17,13,4
Kaltura,2019-04-01,19,10,9
Kaltura,2019-05-01,24,9,15
Kaltura,2019-06-01,14,15,-1
Kaltura,2019-07-01,28,16,12
Kaltura,2019-08-01,12,8,4
Kaltura,2019-09-01,23,17,6
Kaltura,2019-10-01,19,5,14
Kaltura,2019-11-01,14,14,0
Kaltura,2019-12-01,13,8,5
Kaltura,2020-01-01,17,13,4
Kaltura,2020-02-01,27,16,11
Kaltura,2020-03-01,17,6,11
Kaltura,2020-04-01,23,15,8
Kaltura,2020-05-01,24,8,16
Kaltura,2020-06-01,35,27,8
Kaltura,2020-07-01,19,19,0
Kaltura,2020-08-01,22,11,11
Kaltura,2020-09-01,12,3,9
Kaltura,2020-10-01,21,4,17
Kaltura,2020-11-01,17,7,10
Kaltura,2020-12-01,15,12,3
Kaltura,2021-01-01,19,12,7
Kaltura,2021-02-01,8,3,5
Kaltura,2021-03-01,18,11,7
Kaltura,2021-04-01,10,5,5
Kaltura,2021-05-01,21,7,14
Kaltura,2021-06-01,13,8,5
Kaltura,2021-07-01,17,13,4
Kaltura,2021-08-01,19,10,9
Kaltura,2021-09-01,7,5,2
Kaltura,2021-10-01,6,5,1
Kaltura,2021-11-01,15,6,9
Kaltura,2021-12-01,11,6,5
Kaltura,2022-01-01,15,10,5
Kaltura,2022-02-01,15,14,1
Kaltura,2022-03-01,9,3,6
Kaltura,2022-04-01,7,11,-4
Kaltura,2022-05-01,11,3,8
Kaltura,2022-06-01,10,3,7
Kaltura,2022-07-01,6,1,5
Kaltura,2022-08-01,16,10,6
Kaltura,2022-09-01,11,5,6
Kaltura,2022-10-01,16,8,8
Kaltura,2022-11-01,8,8,0
Kaltura,2022-12-01,10,6,4
Kaltura,2023-01-01,11,10,1
Kaltura,2023-02-01,12,4,8
Kaltura,2023-03-01,11,5,6
Kaltura,2023-04-01,2,2,0
Kaltura,2023-05-01,8,2,6
Kaltura,2023-06-01,11,3,8
Kaltura,2023-07-01,16,5,11
Kaltura,2023-08-01,12,4,8
Kaltura,2023-09-01,10,3,7
Kaltura,2023-10-01,7,3,4
Kaltura,2023-11-01,13,5,8
Kaltura,2023-12-01,10,3,7
Kaltura,2024-01-01,14,7,7
Kaltura,2024-02-01,8,1,7
Kaltura,2024-03-01,8,3,5
Kaltura,2024-04-01,8,5,3
Kaltura,2024-05-01,7,1,6
Kaltura,2024-06-01,11,5,6
Kaltura,2024-07-01,5,6,-1
Kaltura,2024-08-01,5,1,4
Kaltura,2024-09-01,3,0,3
Kaltura,2024-10-01,8,1,7
Kaltura,2024-11-01,1,0,1
KodeRover,2021-05-01,1,1,0
KodeRover,2021-06-01,13,5,8
KodeRover,2021-07-01,32,38,-6
KodeRover,2021-08-01,14,22,-8
KodeRover,2021-09-01,6,6,0
KodeRover,2021-10-01,7,10,-3
KodeRover,2021-11-01,18,21,-3
KodeRover,2021-12-01,28,29,-1
KodeRover,2022-01-01,10,17,-7
KodeRover,2022-02-01,14,2,12
KodeRover,2022-03-01,7,9,-2
KodeRover,2022-04-01,9,15,-6
KodeRover,2022-05-01,17,1,16
KodeRover,2022-06-01,15,11,4
KodeRover,2022-07-01,12,24,-12
KodeRover,2022-08-01,19,5,14
KodeRover,2022-09-01,12,0,12
KodeRover,2022-10-01,10,18,-8
KodeRover,2022-11-01,6,8,-2
KodeRover,2022-12-01,10,8,2
KodeRover,2023-01-01,3,2,1
KodeRover,2023-02-01,6,10,-4
KodeRover,2023-03-01,6,4,2
KodeRover,2023-04-01,10,5,5
KodeRover,2023-05-01,7,20,-13
KodeRover,2023-06-01,3,3,0
KodeRover,2023-07-01,16,22,-6
KodeRover,2023-08-01,2,5,-3
KodeRover,2023-09-01,6,2,4
KodeRover,2023-10-01,2,5,-3
KodeRover,2023-11-01,3,0,3
KodeRover,2023-12-01,3,0,3
KodeRover,2024-01-01,2,3,-1
KodeRover,2024-02-01,1,10,-9
KodeRover,2024-03-01,2,1,1
KodeRover,2024-04-01,1,2,-1
KodeRover,2024-05-01,2,1,1
KodeRover,2024-06-01,6,2,4
KodeRover,2024-07-01,1,0,1
KodeRover,2024-08-01,3,0,3
KodeRover,2024-09-01,2,1,1
KodeRover,2024-10-01,2,0,2
KodeRover,2024-11-01,2,2,0
Kyligence,2016-06-01,1,0,1
Kyligence,2016-07-01,0,1,-1
Kyligence,2016-10-01,3,0,3
Kyligence,2016-11-01,1,1,0
Kyligence,2016-12-01,1,3,-2
Kyligence,2017-07-01,2,0,2
Kyligence,2017-08-01,1,0,1
Kyligence,2017-09-01,1,0,1
Kyligence,2018-01-01,4,0,4
Kyligence,2018-02-01,2,0,2
Kyligence,2018-03-01,3,0,3
Kyligence,2018-04-01,2,5,-3
Kyligence,2018-05-01,4,0,4
Kyligence,2018-06-01,2,2,0
Kyligence,2018-07-01,1,1,0
Kyligence,2018-08-01,3,2,1
Kyligence,2018-09-01,2,0,2
Kyligence,2018-11-01,1,3,-2
Kyligence,2018-12-01,10,1,9
Kyligence,2019-01-01,2,1,1
Kyligence,2019-03-01,3,0,3
Kyligence,2019-04-01,6,2,4
Kyligence,2019-05-01,6,0,6
Kyligence,2019-06-01,1,1,0
Kyligence,2019-07-01,9,1,8
Kyligence,2019-08-01,5,0,5
Kyligence,2019-09-01,11,0,11
Kyligence,2019-10-01,7,0,7
Kyligence,2019-11-01,9,2,7
Kyligence,2019-12-01,7,0,7
Kyligence,2020-01-01,3,1,2
Kyligence,2020-02-01,1,4,-3
Kyligence,2020-03-01,7,3,4
Kyligence,2020-04-01,24,13,11
Kyligence,2020-05-01,3,6,-3
Kyligence,2020-06-01,5,17,-12
Kyligence,2020-08-01,1,0,1
Kyligence,2020-11-01,0,1,-1
Kyligence,2021-02-01,1,0,1
Kyligence,2021-09-01,6,0,6
Kyligence,2021-10-01,1,0,1
Kyligence,2022-02-01,1,0,1
Kyligence,2022-03-01,4,0,4
Kyligence,2022-04-01,11,2,9
Kyligence,2022-05-01,6,3,3
Kyligence,2022-06-01,3,2,1
Kyligence,2022-07-01,1,3,-2
Kyligence,2022-08-01,44,18,26
Kyligence,2022-09-01,14,13,1
Kyligence,2022-10-01,23,13,10
Kyligence,2022-11-01,22,19,3
Kyligence,2022-12-01,15,4,11
Kyligence,2023-01-01,12,9,3
Kyligence,2023-02-01,21,10,11
Kyligence,2023-03-01,42,27,15
Kyligence,2023-04-01,32,20,12
Kyligence,2023-05-01,1,3,-2
Kyligence,2023-07-01,1,0,1
Kyligence,2023-08-01,0,8,-8
Kyligence,2023-09-01,1,0,1
Kyligence,2023-10-01,1,3,-2
Kyligence,2023-11-01,0,4,-4
Kyligence,2024-01-01,0,4,-4
Kyligence,2024-07-01,0,1,-1
Liferay,2015-01-01,20,21,-1
Liferay,2015-02-01,9,7,2
Liferay,2015-03-01,39,37,2
Liferay,2015-04-01,25,22,3
Liferay,2015-05-01,35,36,-1
Liferay,2015-06-01,40,29,11
Liferay,2015-07-01,37,36,1
Liferay,2015-08-01,21,23,-2
Liferay,2015-09-01,16,15,1
Liferay,2015-10-01,24,17,7
Liferay,2015-11-01,18,14,4
Liferay,2015-12-01,41,69,-28
Liferay,2016-01-01,33,30,3
Liferay,2016-02-01,26,24,2
Liferay,2016-03-01,23,16,7
Liferay,2016-04-01,27,29,-2
Liferay,2016-05-01,27,29,-2
Liferay,2016-06-01,42,41,1
Liferay,2016-07-01,14,18,-4
Liferay,2016-08-01,27,22,5
Liferay,2016-09-01,20,15,5
Liferay,2016-10-01,22,24,-2
Liferay,2016-11-01,30,23,7
Liferay,2016-12-01,25,19,6
Liferay,2017-01-01,34,28,6
Liferay,2017-02-01,22,43,-21
Liferay,2017-03-01,23,16,7
Liferay,2017-04-01,26,15,11
Liferay,2017-05-01,21,20,1
Liferay,2017-06-01,23,21,2
Liferay,2017-07-01,24,12,12
Liferay,2017-08-01,14,17,-3
Liferay,2017-09-01,27,18,9
Liferay,2017-10-01,9,4,5
Liferay,2017-11-01,27,19,8
Liferay,2017-12-01,26,25,1
Liferay,2018-01-01,37,26,11
Liferay,2018-02-01,79,68,11
Liferay,2018-03-01,51,42,9
Liferay,2018-04-01,44,32,12
Liferay,2018-05-01,69,42,27
Liferay,2018-06-01,48,28,20
Liferay,2018-07-01,11,19,-8
Liferay,2018-08-01,75,52,23
Liferay,2018-09-01,35,53,-18
Liferay,2018-10-01,42,17,25
Liferay,2018-11-01,59,43,16
Liferay,2018-12-01,39,51,-12
Liferay,2019-01-01,64,35,29
Liferay,2019-02-01,103,101,2
Liferay,2019-03-01,148,140,8
Liferay,2019-04-01,135,86,49
Liferay,2019-05-01,46,43,3
Liferay,2019-06-01,89,151,-62
Liferay,2019-07-01,85,82,3
Liferay,2019-08-01,105,82,23
Liferay,2019-09-01,132,158,-26
Liferay,2019-10-01,85,91,-6
Liferay,2019-11-01,63,46,17
Liferay,2019-12-01,74,58,16
Liferay,2020-01-01,68,103,-35
Liferay,2020-02-01,67,69,-2
Liferay,2020-03-01,110,81,29
Liferay,2020-04-01,70,72,-2
Liferay,2020-05-01,87,60,27
Liferay,2020-06-01,71,77,-6
Liferay,2020-07-01,100,82,18
Liferay,2020-08-01,81,64,17
Liferay,2020-09-01,149,83,66
Liferay,2020-10-01,85,70,15
Liferay,2020-11-01,54,49,5
Liferay,2020-12-01,106,71,35
Liferay,2021-01-01,32,31,1
Liferay,2021-02-01,25,25,0
Liferay,2021-03-01,38,30,8
Liferay,2021-04-01,31,65,-34
Liferay,2021-05-01,54,60,-6
Liferay,2021-06-01,50,50,0
Liferay,2021-07-01,30,27,3
Liferay,2021-08-01,25,19,6
Liferay,2021-09-01,48,43,5
Liferay,2021-10-01,13,20,-7
Liferay,2021-11-01,44,63,-19
Liferay,2021-12-01,46,31,15
Liferay,2022-01-01,59,45,14
Liferay,2022-02-01,55,44,11
Liferay,2022-03-01,51,34,17
Liferay,2022-04-01,37,55,-18
Liferay,2022-05-01,34,70,-36
Liferay,2022-06-01,36,54,-18
Liferay,2022-07-01,32,42,-10
Liferay,2022-08-01,39,29,10
Liferay,2022-09-01,28,31,-3
Liferay,2022-10-01,57,32,25
Liferay,2022-11-01,71,78,-7
Liferay,2022-12-01,26,26,0
Liferay,2023-01-01,29,27,2
Liferay,2023-02-01,35,24,11
Liferay,2023-03-01,23,26,-3
Liferay,2023-04-01,24,23,1
Liferay,2023-05-01,27,24,3
Liferay,2023-06-01,27,91,-64
Liferay,2023-07-01,15,23,-8
Liferay,2023-08-01,5,6,-1
Liferay,2023-09-01,3,14,-11
Liferay,2023-10-01,6,4,2
Liferay,2023-11-01,10,7,3
Liferay,2023-12-01,2,3,-1
Liferay,2024-01-01,4,1,3
Liferay,2024-02-01,2,3,-1
Liferay,2024-03-01,1,1,0
Liferay,2024-04-01,1,1,0
Liferay,2024-05-01,2,1,1
Liferay,2024-07-01,3,2,1
Liferay,2024-08-01,1,0,1
Liferay,2024-09-01,2,1,1
Liferay,2024-10-01,1,0,1
Linux China,2015-01-01,2,1,1
Linux China,2015-03-01,1,0,1
Linux China,2015-04-01,6,2,4
Linux China,2015-06-01,1,1,0
Linux China,2015-07-01,1,0,1
Linux China,2015-08-01,1,0,1
Linux China,2015-10-01,0,1,-1
Linux China,2015-11-01,6,0,6
Linux China,2015-12-01,6,4,2
Linux China,2016-01-01,2,2,0
Linux China,2016-02-01,1,1,0
Linux China,2016-03-01,1,1,0
Linux China,2016-04-01,1,1,0
Linux China,2016-05-01,1,0,1
Linux China,2016-06-01,0,1,-1
Linux China,2016-07-01,2,2,0
Linux China,2016-09-01,1,1,0
Linux China,2016-10-01,4,3,1
Linux China,2016-11-01,7,6,1
Linux China,2016-12-01,1,1,0
Linux China,2017-01-01,1,1,0
Linux China,2017-02-01,1,3,-2
Linux China,2017-03-01,9,12,-3
Linux China,2017-04-01,13,21,-8
Linux China,2017-05-01,35,13,22
Linux China,2017-06-01,12,6,6
Linux China,2017-07-01,8,2,6
Linux China,2017-08-01,3,3,0
Linux China,2017-09-01,2,2,0
Linux China,2017-10-01,0,1,-1
Linux China,2017-11-01,56,42,14
Linux China,2017-12-01,62,45,17
Linux China,2018-01-01,5,28,-23
Linux China,2018-02-01,8,6,2
Linux China,2018-03-01,24,15,9
Linux China,2018-04-01,9,18,-9
Linux China,2018-05-01,3,3,0
Linux China,2018-06-01,3,1,2
Linux China,2018-07-01,4,3,1
Linux China,2018-08-01,1,0,1
Linux China,2018-09-01,7,2,5
Linux China,2018-10-01,26,15,11
Linux China,2018-11-01,8,4,4
Linux China,2018-12-01,6,3,3
Linux China,2019-01-01,1,1,0
Linux China,2019-02-01,1,0,1
Linux China,2019-03-01,2,3,-1
Linux China,2019-04-01,0,2,-2
Linux China,2019-06-01,2,0,2
Linux China,2019-08-01,1,2,-1
Linux China,2019-09-01,6,4,2
Linux China,2019-10-01,5,5,0
Linux China,2019-11-01,7,1,6
Linux China,2019-12-01,0,2,-2
Linux China,2020-02-01,4,3,1
Linux China,2020-03-01,1,1,0
Linux China,2020-04-01,4,3,1
Linux China,2020-05-01,1,0,1
Linux China,2020-07-01,1,0,1
Linux China,2020-09-01,0,1,-1
Linux China,2021-02-01,1,1,0
Linux China,2021-03-01,1,1,0
Linux China,2021-05-01,1,1,0
Linux China,2021-07-01,2,2,0
Linux China,2021-11-01,0,2,-2
Linux China,2021-12-01,2,2,0
Linux China,2022-02-01,1,1,0
Linux China,2022-04-01,1,1,0
Linux China,2022-05-01,2,2,0
Linux China,2022-08-01,1,1,0
Linux China,2022-09-01,6,5,1
Linux China,2023-02-01,2,1,1
Linux China,2023-03-01,0,1,-1
Linux China,2023-11-01,2,2,0
Magento,2015-01-01,99,104,-5
Magento,2015-02-01,65,44,21
Magento,2015-03-01,82,79,3
Magento,2015-04-01,57,39,18
Magento,2015-05-01,98,44,54
Magento,2015-06-01,93,70,23
Magento,2015-07-01,142,91,51
Magento,2015-08-01,152,75,77
Magento,2015-09-01,207,86,121
Magento,2015-10-01,230,186,44
Magento,2015-11-01,325,318,7
Magento,2015-12-01,287,207,80
Magento,2016-01-01,361,160,201
Magento,2016-02-01,351,190,161
Magento,2016-03-01,342,237,105
Magento,2016-04-01,389,223,166
Magento,2016-05-01,457,396,61
Magento,2016-06-01,572,430,142
Magento,2016-07-01,532,378,154
Magento,2016-08-01,521,801,-280
Magento,2016-09-01,412,453,-41
Magento,2016-10-01,412,301,111
Magento,2016-11-01,361,350,11
Magento,2016-12-01,381,224,157
Magento,2017-01-01,388,210,178
Magento,2017-02-01,333,160,173
Magento,2017-03-01,314,172,142
Magento,2017-04-01,297,86,211
Magento,2017-05-01,336,129,207
Magento,2017-06-01,298,266,32
Magento,2017-07-01,262,275,-13
Magento,2017-08-01,309,127,182
Magento,2017-09-01,326,1029,-703
Magento,2017-10-01,464,1095,-631
Magento,2017-11-01,469,553,-84
Magento,2017-12-01,341,426,-85
Magento,2018-01-01,353,230,123
Magento,2018-02-01,319,245,74
Magento,2018-03-01,355,346,9
Magento,2018-04-01,281,181,100
Magento,2018-05-01,423,277,146
Magento,2018-06-01,383,281,102
Magento,2018-07-01,322,495,-173
Magento,2018-08-01,293,363,-70
Magento,2018-09-01,297,312,-15
Magento,2018-10-01,298,215,83
Magento,2018-11-01,310,357,-47
Magento,2018-12-01,367,380,-13
Magento,2019-01-01,437,369,68
Magento,2019-02-01,428,381,47
Magento,2019-03-01,501,426,75
Magento,2019-04-01,429,442,-13
Magento,2019-05-01,456,396,60
Magento,2019-06-01,433,416,17
Magento,2019-07-01,548,450,98
Magento,2019-08-01,587,527,60
Magento,2019-09-01,576,549,27
Magento,2019-10-01,613,661,-48
Magento,2019-11-01,451,435,16
Magento,2019-12-01,361,533,-172
Magento,2020-01-01,446,290,156
Magento,2020-02-01,484,474,10
Magento,2020-03-01,457,385,72
Magento,2020-04-01,571,444,127
Magento,2020-05-01,427,285,142
Magento,2020-06-01,529,366,163
Magento,2020-07-01,464,362,102
Magento,2020-08-01,516,395,121
Magento,2020-09-01,432,465,-33
Magento,2020-10-01,484,473,11
Magento,2020-11-01,371,377,-6
Magento,2020-12-01,339,387,-48
Magento,2021-01-01,281,333,-52
Magento,2021-02-01,342,664,-322
Magento,2021-03-01,304,364,-60
Magento,2021-04-01,309,230,79
Magento,2021-05-01,194,282,-88
Magento,2021-06-01,246,302,-56
Magento,2021-07-01,218,211,7
Magento,2021-08-01,307,218,89
Magento,2021-09-01,256,269,-13
Magento,2021-10-01,114,71,43
Magento,2021-11-01,320,275,45
Magento,2021-12-01,207,242,-35
Magento,2022-01-01,156,143,13
Magento,2022-02-01,162,129,33
Magento,2022-03-01,135,135,0
Magento,2022-04-01,195,197,-2
Magento,2022-05-01,195,144,51
Magento,2022-06-01,127,107,20
Magento,2022-07-01,154,124,30
Magento,2022-08-01,232,217,15
Magento,2022-09-01,184,175,9
Magento,2022-10-01,162,138,24
Magento,2022-11-01,125,112,13
Magento,2022-12-01,121,158,-37
Magento,2023-01-01,119,81,38
Magento,2023-02-01,150,107,43
Magento,2023-03-01,240,101,139
Magento,2023-04-01,288,286,2
Magento,2023-05-01,141,115,26
Magento,2023-06-01,145,71,74
Magento,2023-07-01,128,92,36
Magento,2023-08-01,132,90,42
Magento,2023-09-01,110,78,32
Magento,2023-10-01,133,81,52
Magento,2023-11-01,120,42,78
Magento,2023-12-01,110,44,66
Magento,2024-01-01,130,61,69
Magento,2024-02-01,102,67,35
Magento,2024-03-01,94,84,10
Magento,2024-04-01,171,75,96
Magento,2024-05-01,99,102,-3
Magento,2024-06-01,93,93,0
Magento,2024-07-01,112,139,-27
Magento,2024-08-01,252,92,160
Magento,2024-09-01,153,184,-31
Magento,2024-10-01,137,103,34
Magento,2024-11-01,24,20,4
Mapbox,2015-01-01,229,217,12
Mapbox,2015-02-01,341,229,112
Mapbox,2015-03-01,415,264,151
Mapbox,2015-04-01,365,314,51
Mapbox,2015-05-01,356,266,90
Mapbox,2015-06-01,416,302,114
Mapbox,2015-07-01,268,194,74
Mapbox,2015-08-01,341,266,75
Mapbox,2015-09-01,422,282,140
Mapbox,2015-10-01,548,457,91
Mapbox,2015-11-01,451,332,119
Mapbox,2015-12-01,496,413,83
Mapbox,2016-01-01,547,515,32
Mapbox,2016-02-01,591,527,64
Mapbox,2016-03-01,626,710,-84
Mapbox,2016-04-01,535,439,96
Mapbox,2016-05-01,550,497,53
Mapbox,2016-06-01,569,492,77
Mapbox,2016-07-01,483,464,19
Mapbox,2016-08-01,651,460,191
Mapbox,2016-09-01,488,434,54
Mapbox,2016-10-01,509,383,126
Mapbox,2016-11-01,616,520,96
Mapbox,2016-12-01,483,432,51
Mapbox,2017-01-01,689,632,57
Mapbox,2017-02-01,606,573,33
Mapbox,2017-03-01,553,563,-10
Mapbox,2017-04-01,466,367,99
Mapbox,2017-05-01,537,444,93
Mapbox,2017-06-01,542,411,131
Mapbox,2017-07-01,540,489,51
Mapbox,2017-08-01,567,463,104
Mapbox,2017-09-01,509,447,62
Mapbox,2017-10-01,645,548,97
Mapbox,2017-11-01,636,570,66
Mapbox,2017-12-01,427,376,51
Mapbox,2018-01-01,553,483,70
Mapbox,2018-02-01,477,428,49
Mapbox,2018-03-01,691,613,78
Mapbox,2018-04-01,578,486,92
Mapbox,2018-05-01,611,491,120
Mapbox,2018-06-01,561,436,125
Mapbox,2018-07-01,580,587,-7
Mapbox,2018-08-01,499,380,119
Mapbox,2018-09-01,391,364,27
Mapbox,2018-10-01,503,452,51
Mapbox,2018-11-01,425,515,-90
Mapbox,2018-12-01,349,398,-49
Mapbox,2019-01-01,364,404,-40
Mapbox,2019-02-01,380,328,52
Mapbox,2019-03-01,468,386,82
Mapbox,2019-04-01,486,419,67
Mapbox,2019-05-01,477,368,109
Mapbox,2019-06-01,475,316,159
Mapbox,2019-07-01,473,362,111
Mapbox,2019-08-01,419,304,115
Mapbox,2019-09-01,399,321,78
Mapbox,2019-10-01,368,270,98
Mapbox,2019-11-01,330,261,69
Mapbox,2019-12-01,325,224,101
Mapbox,2020-01-01,345,308,37
Mapbox,2020-02-01,324,244,80
Mapbox,2020-03-01,439,340,99
Mapbox,2020-04-01,373,325,48
Mapbox,2020-05-01,347,335,12
Mapbox,2020-06-01,346,319,27
Mapbox,2020-07-01,366,357,9
Mapbox,2020-08-01,274,321,-47
Mapbox,2020-09-01,281,300,-19
Mapbox,2020-10-01,280,154,126
Mapbox,2020-11-01,270,186,84
Mapbox,2020-12-01,238,161,77
Mapbox,2021-01-01,219,120,99
Mapbox,2021-02-01,264,165,99
Mapbox,2021-03-01,313,201,112
Mapbox,2021-04-01,291,234,57
Mapbox,2021-05-01,256,181,75
Mapbox,2021-06-01,279,188,91
Mapbox,2021-07-01,226,194,32
Mapbox,2021-08-01,238,179,59
Mapbox,2021-09-01,255,211,44
Mapbox,2021-10-01,123,86,37
Mapbox,2021-11-01,278,220,58
Mapbox,2021-12-01,193,143,50
Mapbox,2022-01-01,222,168,54
Mapbox,2022-02-01,179,112,67
Mapbox,2022-03-01,208,114,94
Mapbox,2022-04-01,209,124,85
Mapbox,2022-05-01,182,146,36
Mapbox,2022-06-01,192,96,96
Mapbox,2022-07-01,201,164,37
Mapbox,2022-08-01,227,150,77
Mapbox,2022-09-01,163,124,39
Mapbox,2022-10-01,165,170,-5
Mapbox,2022-11-01,156,128,28
Mapbox,2022-12-01,120,96,24
Mapbox,2023-01-01,123,79,44
Mapbox,2023-02-01,138,92,46
Mapbox,2023-03-01,117,52,65
Mapbox,2023-04-01,132,115,17
Mapbox,2023-05-01,133,67,66
Mapbox,2023-06-01,127,53,74
Mapbox,2023-07-01,142,139,3
Mapbox,2023-08-01,141,258,-117
Mapbox,2023-09-01,117,59,58
Mapbox,2023-10-01,121,56,65
Mapbox,2023-11-01,112,64,48
Mapbox,2023-12-01,118,50,68
Mapbox,2024-01-01,125,72,53
Mapbox,2024-02-01,106,42,64
Mapbox,2024-03-01,128,74,54
Mapbox,2024-04-01,121,94,27
Mapbox,2024-05-01,123,56,67
Mapbox,2024-06-01,109,75,34
Mapbox,2024-07-01,104,73,31
Mapbox,2024-08-01,102,61,41
Mapbox,2024-09-01,92,58,34
Mapbox,2024-10-01,84,115,-31
Mapbox,2024-11-01,27,51,-24
Megvii,2020-03-01,37,7,30
Megvii,2020-04-01,6,9,-3
Megvii,2020-05-01,1,2,-1
Megvii,2020-06-01,6,3,3
Megvii,2020-07-01,17,15,2
Megvii,2020-08-01,11,12,-1
Megvii,2020-09-01,18,20,-2
Megvii,2020-10-01,7,8,-1
Megvii,2020-11-01,2,11,-9
Megvii,2020-12-01,5,5,0
Megvii,2021-01-01,21,12,9
Megvii,2021-02-01,7,4,3
Megvii,2021-03-01,21,12,9
Megvii,2021-04-01,13,14,-1
Megvii,2021-05-01,10,10,0
Megvii,2021-06-01,19,17,2
Megvii,2021-07-01,15,8,7
Megvii,2021-08-01,11,1,10
Megvii,2021-09-01,16,15,1
Megvii,2021-10-01,3,3,0
Megvii,2021-11-01,26,16,10
Megvii,2021-12-01,14,17,-3
Megvii,2022-01-01,4,16,-12
Megvii,2022-02-01,5,2,3
Megvii,2022-03-01,7,3,4
Megvii,2022-04-01,13,12,1
Megvii,2022-05-01,5,4,1
Megvii,2022-06-01,6,6,0
Megvii,2022-07-01,13,11,2
Megvii,2022-08-01,16,12,4
Megvii,2022-09-01,11,41,-30
Megvii,2022-10-01,12,10,2
Megvii,2022-11-01,14,4,10
Megvii,2022-12-01,4,4,0
Megvii,2023-01-01,7,9,-2
Megvii,2023-02-01,7,2,5
Megvii,2023-03-01,11,8,3
Megvii,2023-04-01,4,3,1
Megvii,2023-05-01,16,2,14
Megvii,2023-06-01,17,5,12
Megvii,2023-07-01,16,9,7
Megvii,2023-08-01,11,3,8
Megvii,2023-09-01,5,2,3
Megvii,2023-10-01,4,3,1
Megvii,2023-11-01,7,1,6
Megvii,2023-12-01,3,1,2
Megvii,2024-01-01,4,0,4
Megvii,2024-02-01,7,2,5
Megvii,2024-03-01,2,0,2
Megvii,2024-04-01,4,1,3
Megvii,2024-05-01,5,0,5
Megvii,2024-06-01,1,1,0
Megvii,2024-07-01,3,0,3
Megvii,2024-08-01,2,0,2
Megvii,2024-10-01,0,1,-1
Meituan,2015-01-01,10,8,2
Meituan,2015-02-01,5,6,-1
Meituan,2015-03-01,30,26,4
Meituan,2015-04-01,12,14,-2
Meituan,2015-05-01,12,10,2
Meituan,2015-06-01,14,13,1
Meituan,2015-07-01,13,15,-2
Meituan,2015-08-01,16,9,7
Meituan,2015-09-01,11,15,-4
Meituan,2015-10-01,12,11,1
Meituan,2015-11-01,24,16,8
Meituan,2015-12-01,20,28,-8
Meituan,2016-01-01,16,19,-3
Meituan,2016-02-01,6,5,1
Meituan,2016-03-01,22,25,-3
Meituan,2016-04-01,6,5,1
Meituan,2016-05-01,6,5,1
Meituan,2016-06-01,3,1,2
Meituan,2016-07-01,14,10,4
Meituan,2016-08-01,8,9,-1
Meituan,2016-09-01,6,4,2
Meituan,2016-10-01,7,7,0
Meituan,2016-11-01,18,15,3
Meituan,2016-12-01,31,12,19
Meituan,2017-01-01,40,32,8
Meituan,2017-02-01,62,49,13
Meituan,2017-03-01,118,110,8
Meituan,2017-04-01,53,54,-1
Meituan,2017-05-01,38,30,8
Meituan,2017-06-01,47,33,14
Meituan,2017-07-01,42,17,25
Meituan,2017-08-01,28,39,-11
Meituan,2017-09-01,32,18,14
Meituan,2017-10-01,22,20,2
Meituan,2017-11-01,27,23,4
Meituan,2017-12-01,28,24,4
Meituan,2018-01-01,33,23,10
Meituan,2018-02-01,24,11,13
Meituan,2018-03-01,228,185,43
Meituan,2018-04-01,186,144,42
Meituan,2018-05-01,188,128,60
Meituan,2018-06-01,133,110,23
Meituan,2018-07-01,172,132,40
Meituan,2018-08-01,160,82,78
Meituan,2018-09-01,124,79,45
Meituan,2018-10-01,234,322,-88
Meituan,2018-11-01,161,97,64
Meituan,2018-12-01,127,125,2
Meituan,2019-01-01,109,109,0
Meituan,2019-02-01,128,119,9
Meituan,2019-03-01,170,120,50
Meituan,2019-04-01,129,76,53
Meituan,2019-05-01,116,78,38
Meituan,2019-06-01,112,69,43
Meituan,2019-07-01,91,72,19
Meituan,2019-08-01,91,38,53
Meituan,2019-09-01,73,56,17
Meituan,2019-10-01,55,36,19
Meituan,2019-11-01,63,35,28
Meituan,2019-12-01,61,74,-13
Meituan,2020-01-01,51,26,25
Meituan,2020-02-01,48,13,35
Meituan,2020-03-01,73,71,2
Meituan,2020-04-01,55,26,29
Meituan,2020-05-01,43,18,25
Meituan,2020-06-01,48,22,26
Meituan,2020-07-01,57,46,11
Meituan,2020-08-01,43,17,26
Meituan,2020-09-01,56,17,39
Meituan,2020-10-01,21,6,15
Meituan,2020-11-01,31,6,25
Meituan,2020-12-01,42,18,24
Meituan,2021-01-01,35,11,24
Meituan,2021-02-01,15,5,10
Meituan,2021-03-01,25,16,9
Meituan,2021-04-01,20,6,14
Meituan,2021-05-01,20,6,14
Meituan,2021-06-01,17,15,2
Meituan,2021-07-01,17,5,12
Meituan,2021-08-01,19,5,14
Meituan,2021-09-01,12,7,5
Meituan,2021-10-01,3,2,1
Meituan,2021-11-01,18,11,7
Meituan,2021-12-01,20,5,15
Meituan,2022-01-01,12,2,10
Meituan,2022-02-01,15,4,11
Meituan,2022-03-01,28,61,-33
Meituan,2022-04-01,23,8,15
Meituan,2022-05-01,26,14,12
Meituan,2022-06-01,130,32,98
Meituan,2022-07-01,132,59,73
Meituan,2022-08-01,44,97,-53
Meituan,2022-09-01,95,170,-75
Meituan,2022-10-01,47,18,29
Meituan,2022-11-01,57,46,11
Meituan,2022-12-01,30,22,8
Meituan,2023-01-01,29,9,20
Meituan,2023-02-01,36,29,7
Meituan,2023-03-01,24,28,-4
Meituan,2023-04-01,28,20,8
Meituan,2023-05-01,37,12,25
Meituan,2023-06-01,32,15,17
Meituan,2023-07-01,26,23,3
Meituan,2023-08-01,28,16,12
Meituan,2023-09-01,25,6,19
Meituan,2023-10-01,22,8,14
Meituan,2023-11-01,37,18,19
Meituan,2023-12-01,29,7,22
Meituan,2024-01-01,21,13,8
Meituan,2024-02-01,17,5,12
Meituan,2024-03-01,11,7,4
Meituan,2024-04-01,20,6,14
Meituan,2024-05-01,16,3,13
Meituan,2024-06-01,8,2,6
Meituan,2024-07-01,15,3,12
Meituan,2024-08-01,5,0,5
Meituan,2024-09-01,7,0,7
Meituan,2024-10-01,4,2,2
Meituan,2024-11-01,2,0,2
Merico,2021-05-01,1,0,1
Merico,2021-06-01,2,1,1
Merico,2021-07-01,42,7,35
Merico,2021-08-01,63,64,-1
Merico,2021-09-01,60,53,7
Merico,2021-10-01,19,8,11
Merico,2021-11-01,209,165,44
Merico,2021-12-01,109,64,45
Merico,2022-01-01,106,138,-32
Merico,2022-02-01,61,61,0
Merico,2022-03-01,71,84,-13
Merico,2022-04-01,208,179,29
Merico,2022-05-01,213,231,-18
Merico,2022-06-01,172,155,17
Merico,2022-07-01,165,198,-33
Merico,2022-08-01,165,176,-11
Merico,2022-09-01,229,201,28
Merico,2022-10-01,210,179,31
Merico,2022-11-01,171,164,7
Merico,2022-12-01,166,204,-38
Merico,2023-01-01,126,119,7
Merico,2023-02-01,179,158,21
Merico,2023-03-01,150,133,17
Merico,2023-04-01,146,191,-45
Merico,2023-05-01,137,168,-31
Merico,2023-06-01,109,118,-9
Merico,2023-07-01,96,112,-16
Merico,2023-08-01,130,134,-4
Merico,2023-09-01,90,73,17
Merico,2023-10-01,79,79,0
Merico,2023-11-01,51,59,-8
Merico,2023-12-01,62,76,-14
Merico,2024-01-01,56,55,1
Merico,2024-02-01,44,37,7
Merico,2024-03-01,59,59,0
Merico,2024-04-01,69,64,5
Merico,2024-05-01,85,79,6
Merico,2024-06-01,48,62,-14
Merico,2024-07-01,46,51,-5
Merico,2024-08-01,64,71,-7
Merico,2024-09-01,38,56,-18
Merico,2024-10-01,31,31,0
Merico,2024-11-01,4,7,-3
Meta,2015-01-01,342,220,122
Meta,2015-02-01,401,265,136
Meta,2015-03-01,723,388,335
Meta,2015-04-01,984,772,212
Meta,2015-05-01,868,796,72
Meta,2015-06-01,935,774,161
Meta,2015-07-01,834,605,229
Meta,2015-08-01,881,658,223
Meta,2015-09-01,1182,876,306
Meta,2015-10-01,1184,866,318
Meta,2015-11-01,1017,786,231
Meta,2015-12-01,917,763,154
Meta,2016-01-01,939,830,109
Meta,2016-02-01,871,670,201
Meta,2016-03-01,892,1142,-250
Meta,2016-04-01,993,1035,-42
Meta,2016-05-01,893,667,226
Meta,2016-06-01,910,678,232
Meta,2016-07-01,921,819,102
Meta,2016-08-01,992,705,287
Meta,2016-09-01,984,949,35
Meta,2016-10-01,915,1166,-251
Meta,2016-11-01,1044,889,155
Meta,2016-12-01,928,646,282
Meta,2017-01-01,1008,715,293
Meta,2017-02-01,1025,799,226
Meta,2017-03-01,1367,1056,311
Meta,2017-04-01,1261,936,325
Meta,2017-05-01,1533,1418,115
Meta,2017-06-01,1349,996,353
Meta,2017-07-01,1362,1905,-543
Meta,2017-08-01,1362,1212,150
Meta,2017-09-01,1344,1177,167
Meta,2017-10-01,1437,1517,-80
Meta,2017-11-01,1468,1076,392
Meta,2017-12-01,1295,1098,197
Meta,2018-01-01,1449,1739,-290
Meta,2018-02-01,1404,1207,197
Meta,2018-03-01,1734,1249,485
Meta,2018-04-01,1594,1097,497
Meta,2018-05-01,1743,1330,413
Meta,2018-06-01,1664,1337,327
Meta,2018-07-01,1707,1369,338
Meta,2018-08-01,1718,1605,113
Meta,2018-09-01,1527,1358,169
Meta,2018-10-01,1892,1303,589
Meta,2018-11-01,1720,1449,271
Meta,2018-12-01,1420,1268,152
Meta,2019-01-01,1568,1244,324
Meta,2019-02-01,1710,1559,151
Meta,2019-03-01,1917,1736,181
Meta,2019-04-01,1954,1457,497
Meta,2019-05-01,1926,1786,140
Meta,2019-06-01,1676,1134,542
Meta,2019-07-01,2164,1502,662
Meta,2019-08-01,2575,1943,632
Meta,2019-09-01,1899,1554,345
Meta,2019-10-01,2334,1814,520
Meta,2019-11-01,2243,1715,528
Meta,2019-12-01,2093,1644,449
Meta,2020-01-01,1932,1964,-32
Meta,2020-02-01,1991,1701,290
Meta,2020-03-01,2210,1918,292
Meta,2020-04-01,2657,1922,735
Meta,2020-05-01,2484,2235,249
Meta,2020-06-01,2406,1956,450
Meta,2020-07-01,2630,1991,639
Meta,2020-08-01,2269,1836,433
Meta,2020-09-01,2328,1875,453
Meta,2020-10-01,2434,1937,497
Meta,2020-11-01,2238,1602,636
Meta,2020-12-01,6837,1441,5396
Meta,2021-01-01,2090,1627,463
Meta,2021-02-01,1939,1359,580
Meta,2021-03-01,2492,1852,640
Meta,2021-04-01,2325,1661,664
Meta,2021-05-01,2024,1414,610
Meta,2021-06-01,2241,1896,345
Meta,2021-07-01,2067,1426,641
Meta,2021-08-01,1816,1438,378
Meta,2021-09-01,2052,1357,695
Meta,2021-10-01,867,626,241
Meta,2021-11-01,1994,1322,672
Meta,2021-12-01,2041,1313,728
Meta,2022-01-01,2092,1804,288
Meta,2022-02-01,1913,1300,613
Meta,2022-03-01,2591,1730,861
Meta,2022-04-01,2088,1466,622
Meta,2022-05-01,2229,1407,822
Meta,2022-06-01,2083,1503,580
Meta,2022-07-01,2281,1495,786
Meta,2022-08-01,2615,1791,824
Meta,2022-09-01,2019,1511,508
Meta,2022-10-01,2536,1768,768
Meta,2022-11-01,2242,1573,669
Meta,2022-12-01,1945,1498,447
Meta,2023-01-01,2870,2444,426
Meta,2023-02-01,4273,3571,702
Meta,2023-03-01,2530,1793,737
Meta,2023-04-01,2586,1786,800
Meta,2023-05-01,2673,1964,709
Meta,2023-06-01,2406,1805,601
Meta,2023-07-01,2333,1687,646
Meta,2023-08-01,2565,1839,726
Meta,2023-09-01,2347,1694,653
Meta,2023-10-01,3179,2213,966
Meta,2023-11-01,2582,2054,528
Meta,2023-12-01,1852,1534,318
Meta,2024-01-01,2507,1759,748
Meta,2024-02-01,1992,1418,574
Meta,2024-03-01,2126,1805,321
Meta,2024-04-01,2203,2030,173
Meta,2024-05-01,2536,1829,707
Meta,2024-06-01,2286,1794,492
Meta,2024-07-01,2367,1855,512
Meta,2024-08-01,2282,1916,366
Meta,2024-09-01,2247,1652,595
Meta,2024-10-01,2347,1623,724
Meta,2024-11-01,610,347,263
Microsoft,2015-01-01,380,128,252
Microsoft,2015-02-01,1085,481,604
Microsoft,2015-03-01,777,528,249
Microsoft,2015-04-01,845,571,274
Microsoft,2015-05-01,940,618,322
Microsoft,2015-06-01,820,452,368
Microsoft,2015-07-01,935,558,377
Microsoft,2015-08-01,997,637,360
Microsoft,2015-09-01,1131,742,389
Microsoft,2015-10-01,1345,1101,244
Microsoft,2015-11-01,1621,859,762
Microsoft,2015-12-01,1612,1175,437
Microsoft,2016-01-01,1762,1375,387
Microsoft,2016-02-01,2360,1534,826
Microsoft,2016-03-01,2197,1572,625
Microsoft,2016-04-01,2271,1555,716
Microsoft,2016-05-01,2253,1936,317
Microsoft,2016-06-01,2147,1498,649
Microsoft,2016-07-01,1639,1378,261
Microsoft,2016-08-01,2218,1474,744
Microsoft,2016-09-01,2247,1688,559
Microsoft,2016-10-01,2218,1924,294
Microsoft,2016-11-01,2633,2378,255
Microsoft,2016-12-01,2153,1672,481
Microsoft,2017-01-01,2509,2299,210
Microsoft,2017-02-01,2806,2230,576
Microsoft,2017-03-01,3790,3198,592
Microsoft,2017-04-01,3450,2866,584
Microsoft,2017-05-01,3804,3101,703
Microsoft,2017-06-01,3713,2798,915
Microsoft,2017-07-01,3150,2490,660
Microsoft,2017-08-01,3491,2218,1273
Microsoft,2017-09-01,2854,2138,716
Microsoft,2017-10-01,3241,2608,633
Microsoft,2017-11-01,3052,2501,551
Microsoft,2017-12-01,2504,1814,690
Microsoft,2018-01-01,3173,2664,509
Microsoft,2018-02-01,3175,2441,734
Microsoft,2018-03-01,3921,3349,572
Microsoft,2018-04-01,3304,2610,694
Microsoft,2018-05-01,3816,2834,982
Microsoft,2018-06-01,3981,2876,1105
Microsoft,2018-07-01,3812,2775,1037
Microsoft,2018-08-01,3944,3268,676
Microsoft,2018-09-01,3690,2899,791
Microsoft,2018-10-01,4022,3106,916
Microsoft,2018-11-01,3877,2459,1418
Microsoft,2018-12-01,3281,2203,1078
Microsoft,2019-01-01,4043,3261,782
Microsoft,2019-02-01,4359,3336,1023
Microsoft,2019-03-01,4864,4443,421
Microsoft,2019-04-01,5056,4149,907
Microsoft,2019-05-01,13296,10189,3107
Microsoft,2019-06-01,13783,11246,2537
Microsoft,2019-07-01,14776,12613,2163
Microsoft,2019-08-01,13733,10853,2880
Microsoft,2019-09-01,13252,10747,2505
Microsoft,2019-10-01,16111,15967,144
Microsoft,2019-11-01,14433,11461,2972
Microsoft,2019-12-01,13145,10792,2353
Microsoft,2020-01-01,14682,11855,2827
Microsoft,2020-02-01,15215,12440,2775
Microsoft,2020-03-01,18388,15355,3033
Microsoft,2020-04-01,19874,15988,3886
Microsoft,2020-05-01,21100,16411,4689
Microsoft,2020-06-01,18573,16032,2541
Microsoft,2020-07-01,19183,16786,2397
Microsoft,2020-08-01,16401,14116,2285
Microsoft,2020-09-01,17876,15774,2102
Microsoft,2020-10-01,17617,15377,2240
Microsoft,2020-11-01,20041,15840,4201
Microsoft,2020-12-01,28907,12184,16723
Microsoft,2021-01-01,15816,14035,1781
Microsoft,2021-02-01,17403,13916,3487
Microsoft,2021-03-01,20595,17377,3218
Microsoft,2021-04-01,19435,16097,3338
Microsoft,2021-05-01,16301,13010,3291
Microsoft,2021-06-01,18624,15582,3042
Microsoft,2021-07-01,17785,16002,1783
Microsoft,2021-08-01,16402,13593,2809
Microsoft,2021-09-01,17876,15159,2717
Microsoft,2021-10-01,6772,5887,885
Microsoft,2021-11-01,17437,15098,2339
Microsoft,2021-12-01,13626,11636,1990
Microsoft,2022-01-01,15869,13439,2430
Microsoft,2022-02-01,15237,12527,2710
Microsoft,2022-03-01,16601,13834,2767
Microsoft,2022-04-01,16301,13472,2829
Microsoft,2022-05-01,16061,12594,3467
Microsoft,2022-06-01,15063,12706,2357
Microsoft,2022-07-01,15181,12934,2247
Microsoft,2022-08-01,18823,15188,3635
Microsoft,2022-09-01,16792,13463,3329
Microsoft,2022-10-01,26269,24690,1579
Microsoft,2022-11-01,17036,14072,2964
Microsoft,2022-12-01,13804,14483,-679
Microsoft,2023-01-01,16672,13419,3253
Microsoft,2023-02-01,17466,13988,3478
Microsoft,2023-03-01,18154,14463,3691
Microsoft,2023-04-01,16458,14250,2208
Microsoft,2023-05-01,16751,13160,3591
Microsoft,2023-06-01,17480,14227,3253
Microsoft,2023-07-01,15546,13113,2433
Microsoft,2023-08-01,16754,14977,1777
Microsoft,2023-09-01,15926,12817,3109
Microsoft,2023-10-01,17177,13333,3844
Microsoft,2023-11-01,17127,16192,935
Microsoft,2023-12-01,13635,12649,986
Microsoft,2024-01-01,16921,14195,2726
Microsoft,2024-02-01,16898,13972,2926
Microsoft,2024-03-01,17646,15906,1740
Microsoft,2024-04-01,16639,13517,3122
Microsoft,2024-05-01,16367,13082,3285
Microsoft,2024-06-01,17934,15042,2892
Microsoft,2024-07-01,19409,16314,3095
Microsoft,2024-08-01,17082,14658,2424
Microsoft,2024-09-01,19804,14123,5681
Microsoft,2024-10-01,16748,15811,937
Microsoft,2024-11-01,3868,3592,276
MongoDB,2015-01-01,10,20,-10
MongoDB,2015-02-01,4,1,3
MongoDB,2015-03-01,6,2,4
MongoDB,2015-04-01,4,2,2
MongoDB,2015-05-01,3,9,-6
MongoDB,2015-06-01,4,1,3
MongoDB,2015-07-01,6,7,-1
MongoDB,2015-08-01,6,0,6
MongoDB,2015-09-01,4,2,2
MongoDB,2015-10-01,12,12,0
MongoDB,2015-11-01,13,11,2
MongoDB,2015-12-01,52,38,14
MongoDB,2016-01-01,36,31,5
MongoDB,2016-02-01,49,54,-5
MongoDB,2016-03-01,40,39,1
MongoDB,2016-04-01,37,31,6
MongoDB,2016-05-01,24,20,4
MongoDB,2016-06-01,28,23,5
MongoDB,2016-07-01,16,16,0
MongoDB,2016-08-01,20,15,5
MongoDB,2016-09-01,30,36,-6
MongoDB,2016-10-01,30,36,-6
MongoDB,2016-11-01,24,21,3
MongoDB,2016-12-01,33,31,2
MongoDB,2017-01-01,19,25,-6
MongoDB,2017-02-01,17,10,7
MongoDB,2017-03-01,22,17,5
MongoDB,2017-04-01,13,17,-4
MongoDB,2017-05-01,20,7,13
MongoDB,2017-06-01,24,30,-6
MongoDB,2017-07-01,13,14,-1
MongoDB,2017-08-01,14,8,6
MongoDB,2017-09-01,14,8,6
MongoDB,2017-10-01,13,8,5
MongoDB,2017-11-01,12,5,7
MongoDB,2017-12-01,18,17,1
MongoDB,2018-01-01,12,16,-4
MongoDB,2018-02-01,18,46,-28
MongoDB,2018-03-01,21,17,4
MongoDB,2018-04-01,12,23,-11
MongoDB,2018-05-01,13,5,8
MongoDB,2018-06-01,16,23,-7
MongoDB,2018-07-01,22,14,8
MongoDB,2018-08-01,10,6,4
MongoDB,2018-09-01,11,10,1
MongoDB,2018-10-01,16,19,-3
MongoDB,2018-11-01,22,27,-5
MongoDB,2018-12-01,24,15,9
MongoDB,2019-01-01,17,11,6
MongoDB,2019-02-01,27,21,6
MongoDB,2019-03-01,38,30,8
MongoDB,2019-04-01,30,26,4
MongoDB,2019-05-01,29,13,16
MongoDB,2019-06-01,16,15,1
MongoDB,2019-07-01,26,17,9
MongoDB,2019-08-01,33,20,13
MongoDB,2019-09-01,36,26,10
MongoDB,2019-10-01,26,21,5
MongoDB,2019-11-01,34,28,6
MongoDB,2019-12-01,29,32,-3
MongoDB,2020-01-01,21,18,3
MongoDB,2020-02-01,26,21,5
MongoDB,2020-03-01,33,33,0
MongoDB,2020-04-01,40,21,19
MongoDB,2020-05-01,34,14,20
MongoDB,2020-06-01,35,22,13
MongoDB,2020-07-01,51,51,0
MongoDB,2020-08-01,46,35,11
MongoDB,2020-09-01,54,49,5
MongoDB,2020-10-01,61,40,21
MongoDB,2020-11-01,44,26,18
MongoDB,2020-12-01,30,26,4
MongoDB,2021-01-01,74,76,-2
MongoDB,2021-02-01,40,82,-42
MongoDB,2021-03-01,26,20,6
MongoDB,2021-04-01,51,45,6
MongoDB,2021-05-01,35,61,-26
MongoDB,2021-06-01,50,37,13
MongoDB,2021-07-01,35,34,1
MongoDB,2021-08-01,36,43,-7
MongoDB,2021-09-01,42,35,7
MongoDB,2021-10-01,7,17,-10
MongoDB,2021-11-01,45,47,-2
MongoDB,2021-12-01,45,47,-2
MongoDB,2022-01-01,39,42,-3
MongoDB,2022-02-01,30,36,-6
MongoDB,2022-03-01,45,29,16
MongoDB,2022-04-01,26,15,11
MongoDB,2022-05-01,28,24,4
MongoDB,2022-06-01,36,28,8
MongoDB,2022-07-01,40,30,10
MongoDB,2022-08-01,28,36,-8
MongoDB,2022-09-01,25,28,-3
MongoDB,2022-10-01,37,44,-7
MongoDB,2022-11-01,37,41,-4
MongoDB,2022-12-01,30,30,0
MongoDB,2023-01-01,55,57,-2
MongoDB,2023-02-01,40,25,15
MongoDB,2023-03-01,30,54,-24
MongoDB,2023-04-01,37,29,8
MongoDB,2023-05-01,27,22,5
MongoDB,2023-06-01,36,22,14
MongoDB,2023-07-01,41,42,-1
MongoDB,2023-08-01,40,58,-18
MongoDB,2023-09-01,146,149,-3
MongoDB,2023-10-01,47,53,-6
MongoDB,2023-11-01,42,67,-25
MongoDB,2023-12-01,24,36,-12
MongoDB,2024-01-01,28,25,3
MongoDB,2024-02-01,57,50,7
MongoDB,2024-03-01,39,32,7
MongoDB,2024-04-01,38,39,-1
MongoDB,2024-05-01,54,52,2
MongoDB,2024-06-01,40,28,12
MongoDB,2024-07-01,44,56,-12
MongoDB,2024-08-01,31,31,0
MongoDB,2024-09-01,40,35,5
MongoDB,2024-10-01,39,38,1
MongoDB,2024-11-01,6,5,1
Mozilla,2015-01-01,928,577,351
Mozilla,2015-02-01,799,638,161
Mozilla,2015-03-01,707,601,106
Mozilla,2015-04-01,885,648,237
Mozilla,2015-05-01,919,716,203
Mozilla,2015-06-01,985,767,218
Mozilla,2015-07-01,1315,1075,240
Mozilla,2015-08-01,1051,799,252
Mozilla,2015-09-01,1201,675,526
Mozilla,2015-10-01,819,836,-17
Mozilla,2015-11-01,1029,917,112
Mozilla,2015-12-01,540,515,25
Mozilla,2016-01-01,567,526,41
Mozilla,2016-02-01,938,707,231
Mozilla,2016-03-01,1063,840,223
Mozilla,2016-04-01,1353,996,357
Mozilla,2016-05-01,1557,1294,263
Mozilla,2016-06-01,1137,1044,93
Mozilla,2016-07-01,1252,1050,202
Mozilla,2016-08-01,1639,1344,295
Mozilla,2016-09-01,1650,1399,251
Mozilla,2016-10-01,1554,1361,193
Mozilla,2016-11-01,1451,1250,201
Mozilla,2016-12-01,923,692,231
Mozilla,2017-01-01,1321,1075,246
Mozilla,2017-02-01,1723,1308,415
Mozilla,2017-03-01,1819,1722,97
Mozilla,2017-04-01,1613,1405,208
Mozilla,2017-05-01,1648,1267,381
Mozilla,2017-06-01,1557,1418,139
Mozilla,2017-07-01,1831,1537,294
Mozilla,2017-08-01,1967,1709,258
Mozilla,2017-09-01,1858,1650,208
Mozilla,2017-10-01,1875,1494,381
Mozilla,2017-11-01,1756,1500,256
Mozilla,2017-12-01,1025,835,190
Mozilla,2018-01-01,1511,1427,84
Mozilla,2018-02-01,1427,1311,116
Mozilla,2018-03-01,1684,1486,198
Mozilla,2018-04-01,1706,1276,430
Mozilla,2018-05-01,2020,1467,553
Mozilla,2018-06-01,1807,1457,350
Mozilla,2018-07-01,1796,1605,191
Mozilla,2018-08-01,1587,1552,35
Mozilla,2018-09-01,1696,1418,278
Mozilla,2018-10-01,1981,1569,412
Mozilla,2018-11-01,1821,1593,228
Mozilla,2018-12-01,854,817,37
Mozilla,2019-01-01,1861,1500,361
Mozilla,2019-02-01,2929,1858,1071
Mozilla,2019-03-01,3450,2077,1373
Mozilla,2019-04-01,3094,2521,573
Mozilla,2019-05-01,3401,2538,863
Mozilla,2019-06-01,2382,1997,385
Mozilla,2019-07-01,2569,2533,36
Mozilla,2019-08-01,2009,1676,333
Mozilla,2019-09-01,2204,1934,270
Mozilla,2019-10-01,2666,2131,535
Mozilla,2019-11-01,2158,1708,450
Mozilla,2019-12-01,1860,1790,70
Mozilla,2020-01-01,1972,1660,312
Mozilla,2020-02-01,2107,1697,410
Mozilla,2020-03-01,2212,1828,384
Mozilla,2020-04-01,2386,1702,684
Mozilla,2020-05-01,2146,1644,502
Mozilla,2020-06-01,2310,1871,439
Mozilla,2020-07-01,2596,2303,293
Mozilla,2020-08-01,5517,5128,389
Mozilla,2020-09-01,2100,1841,259
Mozilla,2020-10-01,1866,1512,354
Mozilla,2020-11-01,1386,1245,141
Mozilla,2020-12-01,1509,1355,154
Mozilla,2021-01-01,1343,2133,-790
Mozilla,2021-02-01,1622,1733,-111
Mozilla,2021-03-01,1825,1895,-70
Mozilla,2021-04-01,1785,1684,101
Mozilla,2021-05-01,1538,1349,189
Mozilla,2021-06-01,3204,3171,33
Mozilla,2021-07-01,1378,1217,161
Mozilla,2021-08-01,1359,1549,-190
Mozilla,2021-09-01,1671,1419,252
Mozilla,2021-10-01,636,537,99
Mozilla,2021-11-01,1473,1342,131
Mozilla,2021-12-01,1120,1019,101
Mozilla,2022-01-01,1462,3616,-2154
Mozilla,2022-02-01,1482,1495,-13
Mozilla,2022-03-01,1487,1349,138
Mozilla,2022-04-01,1357,1651,-294
Mozilla,2022-05-01,1405,1294,111
Mozilla,2022-06-01,1289,1195,94
Mozilla,2022-07-01,1174,1277,-103
Mozilla,2022-08-01,1258,2341,-1083
Mozilla,2022-09-01,1222,1336,-114
Mozilla,2022-10-01,1007,1459,-452
Mozilla,2022-11-01,1383,1553,-170
Mozilla,2022-12-01,884,1439,-555
Mozilla,2023-01-01,1178,2527,-1349
Mozilla,2023-02-01,879,1017,-138
Mozilla,2023-03-01,947,906,41
Mozilla,2023-04-01,701,666,35
Mozilla,2023-05-01,876,818,58
Mozilla,2023-06-01,878,687,191
Mozilla,2023-07-01,831,672,159
Mozilla,2023-08-01,692,515,177
Mozilla,2023-09-01,749,592,157
Mozilla,2023-10-01,798,695,103
Mozilla,2023-11-01,945,909,36
Mozilla,2023-12-01,613,675,-62
Mozilla,2024-01-01,895,773,122
Mozilla,2024-02-01,740,664,76
Mozilla,2024-03-01,831,848,-17
Mozilla,2024-04-01,766,661,105
Mozilla,2024-05-01,13355,489,12866
Mozilla,2024-06-01,620,446,174
Mozilla,2024-07-01,807,1389,-582
Mozilla,2024-08-01,574,331,243
Mozilla,2024-09-01,785,487,298
Mozilla,2024-10-01,826,1016,-190
Mozilla,2024-11-01,176,238,-62
Mulesoft,2015-01-01,7,1,6
Mulesoft,2015-02-01,10,12,-2
Mulesoft,2015-03-01,23,17,6
Mulesoft,2015-04-01,9,1,8
Mulesoft,2015-05-01,6,1,5
Mulesoft,2015-06-01,27,28,-1
Mulesoft,2015-07-01,24,14,10
Mulesoft,2015-08-01,18,9,9
Mulesoft,2015-09-01,10,5,5
Mulesoft,2015-10-01,6,6,0
Mulesoft,2015-11-01,9,2,7
Mulesoft,2015-12-01,14,4,10
Mulesoft,2016-01-01,10,3,7
Mulesoft,2016-02-01,13,8,5
Mulesoft,2016-03-01,13,2,11
Mulesoft,2016-04-01,13,2,11
Mulesoft,2016-05-01,14,1,13
Mulesoft,2016-06-01,23,10,13
Mulesoft,2016-07-01,16,35,-19
Mulesoft,2016-08-01,28,13,15
Mulesoft,2016-09-01,30,21,9
Mulesoft,2016-10-01,18,23,-5
Mulesoft,2016-11-01,20,22,-2
Mulesoft,2016-12-01,6,1,5
Mulesoft,2017-01-01,14,20,-6
Mulesoft,2017-02-01,19,13,6
Mulesoft,2017-03-01,24,28,-4
Mulesoft,2017-04-01,8,6,2
Mulesoft,2017-05-01,10,16,-6
Mulesoft,2017-06-01,19,40,-21
Mulesoft,2017-07-01,20,21,-1
Mulesoft,2017-08-01,15,11,4
Mulesoft,2017-09-01,10,4,6
Mulesoft,2017-10-01,8,5,3
Mulesoft,2017-11-01,8,0,8
Mulesoft,2017-12-01,10,3,7
Mulesoft,2018-01-01,6,3,3
Mulesoft,2018-02-01,9,16,-7
Mulesoft,2018-03-01,9,10,-1
Mulesoft,2018-04-01,2,6,-4
Mulesoft,2018-05-01,3,4,-1
Mulesoft,2018-06-01,11,2,9
Mulesoft,2018-07-01,4,5,-1
Mulesoft,2018-08-01,9,0,9
Mulesoft,2018-09-01,4,3,1
Mulesoft,2018-10-01,5,3,2
Mulesoft,2018-11-01,3,0,3
Mulesoft,2018-12-01,10,7,3
Mulesoft,2019-01-01,7,6,1
Mulesoft,2019-02-01,6,4,2
Mulesoft,2019-03-01,7,0,7
Mulesoft,2019-04-01,4,2,2
Mulesoft,2019-05-01,4,0,4
Mulesoft,2019-06-01,2,2,0
Mulesoft,2019-07-01,10,2,8
Mulesoft,2019-08-01,7,4,3
Mulesoft,2019-09-01,6,1,5
Mulesoft,2019-10-01,4,0,4
Mulesoft,2019-11-01,5,1,4
Mulesoft,2019-12-01,5,10,-5
Mulesoft,2020-01-01,3,83,-80
Mulesoft,2020-02-01,5,4,1
Mulesoft,2020-03-01,7,0,7
Mulesoft,2020-04-01,11,2,9
Mulesoft,2020-05-01,2,2,0
Mulesoft,2020-06-01,9,4,5
Mulesoft,2020-07-01,10,13,-3
Mulesoft,2020-08-01,3,3,0
Mulesoft,2020-09-01,6,3,3
Mulesoft,2020-10-01,9,4,5
Mulesoft,2020-11-01,1,2,-1
Mulesoft,2020-12-01,7,3,4
Mulesoft,2021-01-01,7,9,-2
Mulesoft,2021-02-01,3,1,2
Mulesoft,2021-03-01,9,2,7
Mulesoft,2021-04-01,19,9,10
Mulesoft,2021-05-01,6,4,2
Mulesoft,2021-06-01,3,2,1
Mulesoft,2021-07-01,10,21,-11
Mulesoft,2021-08-01,3,8,-5
Mulesoft,2021-09-01,1,2,-1
Mulesoft,2021-11-01,11,3,8
Mulesoft,2021-12-01,3,8,-5
Mulesoft,2022-01-01,3,0,3
Mulesoft,2022-02-01,1,0,1
Mulesoft,2022-03-01,1,1,0
Mulesoft,2022-04-01,4,3,1
Mulesoft,2022-05-01,2,7,-5
Mulesoft,2022-06-01,4,1,3
Mulesoft,2022-07-01,1,1,0
Mulesoft,2022-08-01,8,0,8
Mulesoft,2022-09-01,5,1,4
Mulesoft,2022-10-01,18,1,17
Mulesoft,2022-11-01,5,15,-10
Mulesoft,2022-12-01,2,3,-1
Mulesoft,2023-01-01,4,0,4
Mulesoft,2023-02-01,4,3,1
Mulesoft,2023-03-01,1,2,-1
Mulesoft,2023-04-01,0,1,-1
Mulesoft,2023-05-01,3,8,-5
Mulesoft,2023-06-01,6,6,0
Mulesoft,2023-07-01,1,2,-1
Mulesoft,2023-08-01,6,2,4
Mulesoft,2023-09-01,10,8,2
Mulesoft,2023-10-01,9,12,-3
Mulesoft,2023-11-01,4,2,2
Mulesoft,2023-12-01,1,1,0
Mulesoft,2024-01-01,2,0,2
Mulesoft,2024-02-01,2,1,1
Mulesoft,2024-03-01,3,6,-3
Mulesoft,2024-04-01,6,3,3
Mulesoft,2024-05-01,5,2,3
Mulesoft,2024-07-01,4,3,1
Mulesoft,2024-08-01,6,2,4
Mulesoft,2024-09-01,4,4,0
Mulesoft,2024-10-01,4,1,3
Mulesoft,2024-11-01,1,0,1
MycroftAI,2016-01-01,6,1,5
MycroftAI,2016-02-01,5,1,4
MycroftAI,2016-03-01,3,1,2
MycroftAI,2016-04-01,0,1,-1
MycroftAI,2016-05-01,48,25,23
MycroftAI,2016-06-01,111,90,21
MycroftAI,2016-07-01,24,21,3
MycroftAI,2016-08-01,23,18,5
MycroftAI,2016-09-01,8,1,7
MycroftAI,2016-10-01,12,9,3
MycroftAI,2016-11-01,4,2,2
MycroftAI,2016-12-01,29,28,1
MycroftAI,2017-01-01,48,55,-7
MycroftAI,2017-02-01,48,32,16
MycroftAI,2017-03-01,82,37,45
MycroftAI,2017-04-01,67,64,3
MycroftAI,2017-05-01,53,25,28
MycroftAI,2017-06-01,38,30,8
MycroftAI,2017-07-01,47,26,21
MycroftAI,2017-08-01,48,39,9
MycroftAI,2017-09-01,38,16,22
MycroftAI,2017-10-01,30,20,10
MycroftAI,2017-11-01,34,15,19
MycroftAI,2017-12-01,17,20,-3
MycroftAI,2018-01-01,33,57,-24
MycroftAI,2018-02-01,29,25,4
MycroftAI,2018-03-01,41,19,22
MycroftAI,2018-04-01,38,25,13
MycroftAI,2018-05-01,26,22,4
MycroftAI,2018-06-01,24,25,-1
MycroftAI,2018-07-01,24,24,0
MycroftAI,2018-08-01,28,23,5
MycroftAI,2018-09-01,23,23,0
MycroftAI,2018-10-01,24,41,-17
MycroftAI,2018-11-01,25,8,17
MycroftAI,2018-12-01,26,18,8
MycroftAI,2019-01-01,38,21,17
MycroftAI,2019-02-01,24,28,-4
MycroftAI,2019-03-01,21,13,8
MycroftAI,2019-04-01,26,6,20
MycroftAI,2019-05-01,24,13,11
MycroftAI,2019-06-01,27,36,-9
MycroftAI,2019-07-01,54,38,16
MycroftAI,2019-08-01,31,16,15
MycroftAI,2019-09-01,30,16,14
MycroftAI,2019-10-01,32,27,5
MycroftAI,2019-11-01,24,18,6
MycroftAI,2019-12-01,50,35,15
MycroftAI,2020-01-01,30,15,15
MycroftAI,2020-02-01,35,22,13
MycroftAI,2020-03-01,52,23,29
MycroftAI,2020-04-01,46,41,5
MycroftAI,2020-05-01,49,40,9
MycroftAI,2020-06-01,37,29,8
MycroftAI,2020-07-01,53,25,28
MycroftAI,2020-08-01,44,14,30
MycroftAI,2020-09-01,44,61,-17
MycroftAI,2020-10-01,36,17,19
MycroftAI,2020-11-01,33,12,21
MycroftAI,2020-12-01,26,17,9
MycroftAI,2021-01-01,20,10,10
MycroftAI,2021-02-01,28,14,14
MycroftAI,2021-03-01,63,26,37
MycroftAI,2021-04-01,50,37,13
MycroftAI,2021-05-01,33,13,20
MycroftAI,2021-06-01,32,18,14
MycroftAI,2021-07-01,15,8,7
MycroftAI,2021-08-01,33,14,19
MycroftAI,2021-09-01,17,33,-16
MycroftAI,2021-10-01,6,5,1
MycroftAI,2021-11-01,31,26,5
MycroftAI,2021-12-01,14,11,3
MycroftAI,2022-01-01,21,0,21
MycroftAI,2022-02-01,12,10,2
MycroftAI,2022-03-01,10,10,0
MycroftAI,2022-04-01,15,9,6
MycroftAI,2022-05-01,11,2,9
MycroftAI,2022-06-01,23,8,15
MycroftAI,2022-07-01,15,4,11
MycroftAI,2022-08-01,14,6,8
MycroftAI,2022-09-01,8,1,7
MycroftAI,2022-10-01,14,3,11
MycroftAI,2022-11-01,13,9,4
MycroftAI,2022-12-01,27,5,22
MycroftAI,2023-01-01,23,4,19
MycroftAI,2023-02-01,10,4,6
MycroftAI,2023-03-01,6,1,5
MycroftAI,2023-04-01,2,1,1
MycroftAI,2023-05-01,2,2,0
MycroftAI,2023-06-01,5,5,0
MycroftAI,2023-07-01,5,0,5
MycroftAI,2023-08-01,8,1,7
MycroftAI,2023-09-01,5,0,5
MycroftAI,2023-10-01,4,2,2
MycroftAI,2023-11-01,3,1,2
MycroftAI,2023-12-01,3,1,2
MycroftAI,2024-01-01,6,0,6
MycroftAI,2024-02-01,2,0,2
MycroftAI,2024-03-01,1,0,1
MycroftAI,2024-04-01,2,1,1
MycroftAI,2024-05-01,2,1,1
MycroftAI,2024-06-01,1,0,1
MycroftAI,2024-07-01,2,0,2
MycroftAI,2024-08-01,1,1,0
MycroftAI,2024-09-01,3,165,-162
MycroftAI,2024-10-01,0,1,-1
MycroftAI,2024-11-01,0,17,-17
NVIDIA,2015-01-01,2,1,1
NVIDIA,2015-02-01,2,1,1
NVIDIA,2015-03-01,38,23,15
NVIDIA,2015-04-01,55,50,5
NVIDIA,2015-05-01,37,19,18
NVIDIA,2015-06-01,33,28,5
NVIDIA,2015-07-01,32,27,5
NVIDIA,2015-08-01,49,32,17
NVIDIA,2015-09-01,49,41,8
NVIDIA,2015-10-01,39,30,9
NVIDIA,2015-11-01,49,34,15
NVIDIA,2015-12-01,24,37,-13
NVIDIA,2016-01-01,45,36,9
NVIDIA,2016-02-01,48,50,-2
NVIDIA,2016-03-01,60,34,26
NVIDIA,2016-04-01,77,67,10
NVIDIA,2016-05-01,54,54,0
NVIDIA,2016-06-01,67,47,20
NVIDIA,2016-07-01,87,66,21
NVIDIA,2016-08-01,92,92,0
NVIDIA,2016-09-01,106,78,28
NVIDIA,2016-10-01,96,91,5
NVIDIA,2016-11-01,125,104,21
NVIDIA,2016-12-01,83,57,26
NVIDIA,2017-01-01,99,73,26
NVIDIA,2017-02-01,87,65,22
NVIDIA,2017-03-01,121,86,35
NVIDIA,2017-04-01,104,58,46
NVIDIA,2017-05-01,92,131,-39
NVIDIA,2017-06-01,98,53,45
NVIDIA,2017-07-01,105,55,50
NVIDIA,2017-08-01,113,96,17
NVIDIA,2017-09-01,89,61,28
NVIDIA,2017-10-01,88,44,44
NVIDIA,2017-11-01,100,86,14
NVIDIA,2017-12-01,137,94,43
NVIDIA,2018-01-01,128,111,17
NVIDIA,2018-02-01,103,64,39
NVIDIA,2018-03-01,149,96,53
NVIDIA,2018-04-01,154,102,52
NVIDIA,2018-05-01,178,122,56
NVIDIA,2018-06-01,178,135,43
NVIDIA,2018-07-01,187,135,52
NVIDIA,2018-08-01,184,138,46
NVIDIA,2018-09-01,161,96,65
NVIDIA,2018-10-01,186,125,61
NVIDIA,2018-11-01,203,190,13
NVIDIA,2018-12-01,209,160,49
NVIDIA,2019-01-01,207,148,59
NVIDIA,2019-02-01,205,151,54
NVIDIA,2019-03-01,298,204,94
NVIDIA,2019-04-01,346,214,132
NVIDIA,2019-05-01,311,256,55
NVIDIA,2019-06-01,354,205,149
NVIDIA,2019-07-01,374,227,147
NVIDIA,2019-08-01,397,261,136
NVIDIA,2019-09-01,376,203,173
NVIDIA,2019-10-01,361,286,75
NVIDIA,2019-11-01,489,316,173
NVIDIA,2019-12-01,410,255,155
NVIDIA,2020-01-01,376,277,99
NVIDIA,2020-02-01,353,233,120
NVIDIA,2020-03-01,441,292,149
NVIDIA,2020-04-01,457,268,189
NVIDIA,2020-05-01,500,306,194
NVIDIA,2020-06-01,525,316,209
NVIDIA,2020-07-01,537,302,235
NVIDIA,2020-08-01,483,304,179
NVIDIA,2020-09-01,582,378,204
NVIDIA,2020-10-01,660,461,199
NVIDIA,2020-11-01,577,412,165
NVIDIA,2020-12-01,570,388,182
NVIDIA,2021-01-01,621,492,129
NVIDIA,2021-02-01,541,462,79
NVIDIA,2021-03-01,697,391,306
NVIDIA,2021-04-01,596,798,-202
NVIDIA,2021-05-01,530,430,100
NVIDIA,2021-06-01,548,420,128
NVIDIA,2021-07-01,657,427,230
NVIDIA,2021-08-01,501,391,110
NVIDIA,2021-09-01,602,398,204
NVIDIA,2021-10-01,217,139,78
NVIDIA,2021-11-01,618,465,153
NVIDIA,2021-12-01,522,385,137
NVIDIA,2022-01-01,660,528,132
NVIDIA,2022-02-01,639,403,236
NVIDIA,2022-03-01,709,512,197
NVIDIA,2022-04-01,692,559,133
NVIDIA,2022-05-01,816,500,316
NVIDIA,2022-06-01,648,512,136
NVIDIA,2022-07-01,706,551,155
NVIDIA,2022-08-01,882,529,353
NVIDIA,2022-09-01,680,449,231
NVIDIA,2022-10-01,671,403,268
NVIDIA,2022-11-01,674,431,243
NVIDIA,2022-12-01,595,514,81
NVIDIA,2023-01-01,581,363,218
NVIDIA,2023-02-01,737,617,120
NVIDIA,2023-03-01,813,553,260
NVIDIA,2023-04-01,981,542,439
NVIDIA,2023-05-01,904,551,353
NVIDIA,2023-06-01,820,475,345
NVIDIA,2023-07-01,1249,749,500
NVIDIA,2023-08-01,1196,706,490
NVIDIA,2023-09-01,1010,671,339
NVIDIA,2023-10-01,1219,874,345
NVIDIA,2023-11-01,1598,884,714
NVIDIA,2023-12-01,1019,712,307
NVIDIA,2024-01-01,1287,975,312
NVIDIA,2024-02-01,1002,624,378
NVIDIA,2024-03-01,1047,752,295
NVIDIA,2024-04-01,1097,682,415
NVIDIA,2024-05-01,1297,882,415
NVIDIA,2024-06-01,1091,758,333
NVIDIA,2024-07-01,1420,1011,409
NVIDIA,2024-08-01,1262,1018,244
NVIDIA,2024-09-01,1146,688,458
NVIDIA,2024-10-01,1226,746,480
NVIDIA,2024-11-01,296,285,11
Neo4j,2015-01-01,150,80,70
Neo4j,2015-02-01,64,46,18
Neo4j,2015-03-01,94,80,14
Neo4j,2015-04-01,110,74,36
Neo4j,2015-05-01,88,40,48
Neo4j,2015-06-01,112,56,56
Neo4j,2015-07-01,82,58,24
Neo4j,2015-08-01,112,96,16
Neo4j,2015-09-01,184,62,122
Neo4j,2015-10-01,222,144,78
Neo4j,2015-11-01,226,148,78
Neo4j,2015-12-01,146,430,-284
Neo4j,2016-01-01,136,98,38
Neo4j,2016-02-01,156,90,66
Neo4j,2016-03-01,188,112,76
Neo4j,2016-04-01,240,202,38
Neo4j,2016-05-01,254,210,44
Neo4j,2016-06-01,206,118,88
Neo4j,2016-07-01,158,122,36
Neo4j,2016-08-01,186,76,110
Neo4j,2016-09-01,176,140,36
Neo4j,2016-10-01,214,160,54
Neo4j,2016-11-01,178,122,56
Neo4j,2016-12-01,180,124,56
Neo4j,2017-01-01,176,162,14
Neo4j,2017-02-01,188,108,80
Neo4j,2017-03-01,300,192,108
Neo4j,2017-04-01,260,146,114
Neo4j,2017-05-01,264,156,108
Neo4j,2017-06-01,208,238,-30
Neo4j,2017-07-01,204,210,-6
Neo4j,2017-08-01,248,130,118
Neo4j,2017-09-01,212,80,132
Neo4j,2017-10-01,190,410,-220
Neo4j,2017-11-01,222,178,44
Neo4j,2017-12-01,172,98,74
Neo4j,2018-01-01,196,206,-10
Neo4j,2018-02-01,160,192,-32
Neo4j,2018-03-01,158,82,76
Neo4j,2018-04-01,182,142,40
Neo4j,2018-05-01,182,180,2
Neo4j,2018-06-01,202,134,68
Neo4j,2018-07-01,174,104,70
Neo4j,2018-08-01,154,124,30
Neo4j,2018-09-01,130,134,-4
Neo4j,2018-10-01,200,234,-34
Neo4j,2018-11-01,272,354,-82
Neo4j,2018-12-01,146,182,-36
Neo4j,2019-01-01,206,146,60
Neo4j,2019-02-01,174,218,-44
Neo4j,2019-03-01,192,140,52
Neo4j,2019-04-01,202,132,70
Neo4j,2019-05-01,160,128,32
Neo4j,2019-06-01,128,104,24
Neo4j,2019-07-01,126,114,12
Neo4j,2019-08-01,176,114,62
Neo4j,2019-09-01,208,140,68
Neo4j,2019-10-01,164,146,18
Neo4j,2019-11-01,184,176,8
Neo4j,2019-12-01,130,188,-58
Neo4j,2020-01-01,204,166,38
Neo4j,2020-02-01,244,148,96
Neo4j,2020-03-01,248,174,74
Neo4j,2020-04-01,238,190,48
Neo4j,2020-05-01,272,190,82
Neo4j,2020-06-01,240,148,92
Neo4j,2020-07-01,232,242,-10
Neo4j,2020-08-01,172,112,60
Neo4j,2020-09-01,180,178,2
Neo4j,2020-10-01,194,224,-30
Neo4j,2020-11-01,170,160,10
Neo4j,2020-12-01,154,110,44
Neo4j,2021-01-01,152,126,26
Neo4j,2021-02-01,124,64,60
Neo4j,2021-03-01,120,114,6
Neo4j,2021-04-01,188,108,80
Neo4j,2021-05-01,186,438,-252
Neo4j,2021-06-01,190,188,2
Neo4j,2021-07-01,178,192,-14
Neo4j,2021-08-01,184,146,38
Neo4j,2021-09-01,158,84,74
Neo4j,2021-10-01,58,38,20
Neo4j,2021-11-01,190,134,56
Neo4j,2021-12-01,228,110,118
Neo4j,2022-01-01,200,168,32
Neo4j,2022-02-01,126,128,-2
Neo4j,2022-03-01,214,108,106
Neo4j,2022-04-01,144,110,34
Neo4j,2022-05-01,156,122,34
Neo4j,2022-06-01,130,246,-116
Neo4j,2022-07-01,118,110,8
Neo4j,2022-08-01,204,158,46
Neo4j,2022-09-01,422,428,-6
Neo4j,2022-10-01,180,190,-10
Neo4j,2022-11-01,164,140,24
Neo4j,2022-12-01,182,122,60
Neo4j,2023-01-01,242,178,64
Neo4j,2023-02-01,178,176,2
Neo4j,2023-03-01,184,154,30
Neo4j,2023-04-01,250,228,22
Neo4j,2023-05-01,128,94,34
Neo4j,2023-06-01,188,132,56
Neo4j,2023-07-01,164,182,-18
Neo4j,2023-08-01,188,210,-22
Neo4j,2023-09-01,164,310,-146
Neo4j,2023-10-01,170,162,8
Neo4j,2023-11-01,170,146,24
Neo4j,2023-12-01,82,66,16
Neo4j,2024-01-01,180,170,10
Neo4j,2024-02-01,146,252,-106
Neo4j,2024-03-01,176,168,8
Neo4j,2024-04-01,92,96,-4
Neo4j,2024-05-01,138,128,10
Neo4j,2024-06-01,114,104,10
Neo4j,2024-07-01,144,126,18
Neo4j,2024-08-01,132,104,28
Neo4j,2024-09-01,116,96,20
Neo4j,2024-10-01,134,122,12
Neo4j,2024-11-01,34,36,-2
Netease,2015-01-01,26,9,17
Netease,2015-02-01,15,13,2
Netease,2015-03-01,26,10,16
Netease,2015-04-01,24,7,17
Netease,2015-05-01,9,10,-1
Netease,2015-06-01,14,8,6
Netease,2015-07-01,15,8,7
Netease,2015-08-01,18,5,13
Netease,2015-09-01,15,3,12
Netease,2015-10-01,14,7,7
Netease,2015-11-01,12,3,9
Netease,2015-12-01,12,6,6
Netease,2016-01-01,22,10,12
Netease,2016-02-01,30,8,22
Netease,2016-03-01,13,15,-2
Netease,2016-04-01,14,6,8
Netease,2016-05-01,20,6,14
Netease,2016-06-01,16,4,12
Netease,2016-07-01,7,5,2
Netease,2016-08-01,9,3,6
Netease,2016-09-01,11,8,3
Netease,2016-10-01,6,1,5
Netease,2016-11-01,9,3,6
Netease,2016-12-01,2,4,-2
Netease,2017-01-01,15,304,-289
Netease,2017-02-01,33,17,16
Netease,2017-03-01,24,17,7
Netease,2017-04-01,16,6,10
Netease,2017-05-01,9,6,3
Netease,2017-06-01,14,7,7
Netease,2017-07-01,8,1,7
Netease,2017-08-01,12,6,6
Netease,2017-09-01,9,8,1
Netease,2017-10-01,3,1,2
Netease,2017-11-01,5,1,4
Netease,2017-12-01,6,0,6
Netease,2018-01-01,9,8,1
Netease,2018-02-01,12,3,9
Netease,2018-03-01,93,42,51
Netease,2018-04-01,88,56,32
Netease,2018-05-01,112,46,66
Netease,2018-06-01,108,86,22
Netease,2018-07-01,77,56,21
Netease,2018-08-01,92,56,36
Netease,2018-09-01,59,55,4
Netease,2018-10-01,67,56,11
Netease,2018-11-01,81,48,33
Netease,2018-12-01,58,39,19
Netease,2019-01-01,53,50,3
Netease,2019-02-01,81,37,44
Netease,2019-03-01,132,92,40
Netease,2019-04-01,144,89,55
Netease,2019-05-01,111,89,22
Netease,2019-06-01,98,57,41
Netease,2019-07-01,157,107,50
Netease,2019-08-01,124,62,62
Netease,2019-09-01,120,62,58
Netease,2019-10-01,110,64,46
Netease,2019-11-01,135,89,46
Netease,2019-12-01,111,80,31
Netease,2020-01-01,75,54,21
Netease,2020-02-01,39,23,16
Netease,2020-03-01,90,49,41
Netease,2020-04-01,79,38,41
Netease,2020-05-01,74,30,44
Netease,2020-06-01,67,18,49
Netease,2020-07-01,62,23,39
Netease,2020-08-01,53,20,33
Netease,2020-09-01,44,19,25
Netease,2020-10-01,45,12,33
Netease,2020-11-01,49,9,40
Netease,2020-12-01,47,20,27
Netease,2021-01-01,48,20,28
Netease,2021-02-01,37,31,6
Netease,2021-03-01,63,34,29
Netease,2021-04-01,50,39,11
Netease,2021-05-01,45,12,33
Netease,2021-06-01,67,28,39
Netease,2021-07-01,42,11,31
Netease,2021-08-01,36,8,28
Netease,2021-09-01,39,29,10
Netease,2021-10-01,12,12,0
Netease,2021-11-01,35,12,23
Netease,2021-12-01,40,10,30
Netease,2022-01-01,20,9,11
Netease,2022-02-01,25,8,17
Netease,2022-03-01,21,19,2
Netease,2022-04-01,30,7,23
Netease,2022-05-01,29,12,17
Netease,2022-06-01,25,8,17
Netease,2022-07-01,17,8,9
Netease,2022-08-01,29,13,16
Netease,2022-09-01,16,5,11
Netease,2022-10-01,18,5,13
Netease,2022-11-01,19,7,12
Netease,2022-12-01,26,11,15
Netease,2023-01-01,20,8,12
Netease,2023-02-01,15,1,14
Netease,2023-03-01,19,7,12
Netease,2023-04-01,27,5,22
Netease,2023-05-01,19,2,17
Netease,2023-06-01,9,2,7
Netease,2023-07-01,21,8,13
Netease,2023-08-01,43,26,17
Netease,2023-09-01,43,20,23
Netease,2023-10-01,20,21,-1
Netease,2023-11-01,36,17,19
Netease,2023-12-01,29,28,1
Netease,2024-01-01,35,14,21
Netease,2024-02-01,30,12,18
Netease,2024-03-01,37,26,11
Netease,2024-04-01,28,6,22
Netease,2024-05-01,26,12,14
Netease,2024-06-01,30,8,22
Netease,2024-07-01,26,31,-5
Netease,2024-08-01,50,5,45
Netease,2024-09-01,41,51,-10
Netease,2024-10-01,27,7,20
Netease,2024-11-01,10,1,9
Netflix,2015-01-01,125,103,22
Netflix,2015-02-01,176,142,34
Netflix,2015-03-01,203,111,92
Netflix,2015-04-01,195,135,60
Netflix,2015-05-01,116,105,11
Netflix,2015-06-01,145,120,25
Netflix,2015-07-01,143,65,78
Netflix,2015-08-01,217,169,48
Netflix,2015-09-01,182,149,33
Netflix,2015-10-01,190,115,75
Netflix,2015-11-01,199,164,35
Netflix,2015-12-01,176,143,33
Netflix,2016-01-01,205,177,28
Netflix,2016-02-01,207,199,8
Netflix,2016-03-01,210,193,17
Netflix,2016-04-01,215,209,6
Netflix,2016-05-01,224,205,19
Netflix,2016-06-01,249,265,-16
Netflix,2016-07-01,229,247,-18
Netflix,2016-08-01,289,232,57
Netflix,2016-09-01,335,250,85
Netflix,2016-10-01,256,309,-53
Netflix,2016-11-01,228,187,41
Netflix,2016-12-01,194,201,-7
Netflix,2017-01-01,258,195,63
Netflix,2017-02-01,280,224,56
Netflix,2017-03-01,368,269,99
Netflix,2017-04-01,296,263,33
Netflix,2017-05-01,295,291,4
Netflix,2017-06-01,288,249,39
Netflix,2017-07-01,276,200,76
Netflix,2017-08-01,318,214,104
Netflix,2017-09-01,273,172,101
Netflix,2017-10-01,287,177,110
Netflix,2017-11-01,270,199,71
Netflix,2017-12-01,212,125,87
Netflix,2018-01-01,254,201,53
Netflix,2018-02-01,414,331,83
Netflix,2018-03-01,317,206,111
Netflix,2018-04-01,339,284,55
Netflix,2018-05-01,307,270,37
Netflix,2018-06-01,339,216,123
Netflix,2018-07-01,305,185,120
Netflix,2018-08-01,365,230,135
Netflix,2018-09-01,273,377,-104
Netflix,2018-10-01,318,201,117
Netflix,2018-11-01,296,391,-95
Netflix,2018-12-01,189,199,-10
Netflix,2019-01-01,263,248,15
Netflix,2019-02-01,301,259,42
Netflix,2019-03-01,318,342,-24
Netflix,2019-04-01,362,265,97
Netflix,2019-05-01,256,310,-54
Netflix,2019-06-01,238,221,17
Netflix,2019-07-01,288,208,80
Netflix,2019-08-01,258,216,42
Netflix,2019-09-01,251,253,-2
Netflix,2019-10-01,240,227,13
Netflix,2019-11-01,220,196,24
Netflix,2019-12-01,265,233,32
Netflix,2020-01-01,289,266,23
Netflix,2020-02-01,326,212,114
Netflix,2020-03-01,325,270,55
Netflix,2020-04-01,254,266,-12
Netflix,2020-05-01,278,221,57
Netflix,2020-06-01,269,231,38
Netflix,2020-07-01,240,208,32
Netflix,2020-08-01,173,198,-25
Netflix,2020-09-01,236,168,68
Netflix,2020-10-01,178,208,-30
Netflix,2020-11-01,177,111,66
Netflix,2020-12-01,234,207,27
Netflix,2021-01-01,178,183,-5
Netflix,2021-02-01,200,158,42
Netflix,2021-03-01,229,203,26
Netflix,2021-04-01,146,229,-83
Netflix,2021-05-01,142,173,-31
Netflix,2021-06-01,157,135,22
Netflix,2021-07-01,139,114,25
Netflix,2021-08-01,125,103,22
Netflix,2021-09-01,129,103,26
Netflix,2021-10-01,51,41,10
Netflix,2021-11-01,133,115,18
Netflix,2021-12-01,86,90,-4
Netflix,2022-01-01,88,86,2
Netflix,2022-02-01,97,74,23
Netflix,2022-03-01,105,78,27
Netflix,2022-04-01,116,84,32
Netflix,2022-05-01,102,60,42
Netflix,2022-06-01,76,76,0
Netflix,2022-07-01,94,70,24
Netflix,2022-08-01,109,81,28
Netflix,2022-09-01,85,68,17
Netflix,2022-10-01,111,70,41
Netflix,2022-11-01,98,64,34
Netflix,2022-12-01,76,56,20
Netflix,2023-01-01,90,82,8
Netflix,2023-02-01,87,96,-9
Netflix,2023-03-01,116,84,32
Netflix,2023-04-01,72,52,20
Netflix,2023-05-01,65,68,-3
Netflix,2023-06-01,69,43,26
Netflix,2023-07-01,79,103,-24
Netflix,2023-08-01,84,56,28
Netflix,2023-09-01,58,63,-5
Netflix,2023-10-01,85,54,31
Netflix,2023-11-01,73,36,37
Netflix,2023-12-01,68,32,36
Netflix,2024-01-01,70,84,-14
Netflix,2024-02-01,75,64,11
Netflix,2024-03-01,54,57,-3
Netflix,2024-04-01,57,36,21
Netflix,2024-05-01,54,53,1
Netflix,2024-06-01,47,38,9
Netflix,2024-07-01,79,54,25
Netflix,2024-08-01,45,133,-88
Netflix,2024-09-01,56,100,-44
Netflix,2024-10-01,45,107,-62
Netflix,2024-11-01,7,21,-14
Netlify,2015-06-01,1,1,0
Netlify,2015-07-01,2,1,1
Netlify,2015-08-01,1,0,1
Netlify,2015-09-01,1,0,1
Netlify,2015-10-01,3,0,3
Netlify,2015-11-01,2,1,1
Netlify,2015-12-01,1,0,1
Netlify,2016-01-01,5,5,0
Netlify,2016-02-01,4,1,3
Netlify,2016-03-01,2,0,2
Netlify,2016-04-01,3,0,3
Netlify,2016-05-01,2,0,2
Netlify,2016-06-01,5,2,3
Netlify,2016-07-01,10,5,5
Netlify,2016-08-01,0,1,-1
Netlify,2016-09-01,5,2,3
Netlify,2016-10-01,10,4,6
Netlify,2016-11-01,5,2,3
Netlify,2016-12-01,5,7,-2
Netlify,2017-01-01,5,3,2
Netlify,2017-02-01,6,4,2
Netlify,2017-03-01,20,8,12
Netlify,2017-04-01,14,5,9
Netlify,2017-05-01,13,4,9
Netlify,2017-06-01,10,5,5
Netlify,2017-07-01,15,27,-12
Netlify,2017-08-01,32,19,13
Netlify,2017-09-01,25,18,7
Netlify,2017-10-01,34,25,9
Netlify,2017-11-01,24,17,7
Netlify,2017-12-01,45,22,23
Netlify,2018-01-01,27,27,0
Netlify,2018-02-01,41,43,-2
Netlify,2018-03-01,34,16,18
Netlify,2018-04-01,30,20,10
Netlify,2018-05-01,38,23,15
Netlify,2018-06-01,21,14,7
Netlify,2018-07-01,24,19,5
Netlify,2018-08-01,58,38,20
Netlify,2018-09-01,46,27,19
Netlify,2018-10-01,58,63,-5
Netlify,2018-11-01,58,21,37
Netlify,2018-12-01,43,37,6
Netlify,2019-01-01,76,31,45
Netlify,2019-02-01,62,52,10
Netlify,2019-03-01,51,29,22
Netlify,2019-04-01,110,47,63
Netlify,2019-05-01,69,36,33
Netlify,2019-06-01,46,25,21
Netlify,2019-07-01,65,36,29
Netlify,2019-08-01,143,38,105
Netlify,2019-09-01,92,74,18
Netlify,2019-10-01,62,40,22
Netlify,2019-11-01,76,58,18
Netlify,2019-12-01,77,44,33
Netlify,2020-01-01,70,46,24
Netlify,2020-02-01,106,59,47
Netlify,2020-03-01,87,91,-4
Netlify,2020-04-01,127,112,15
Netlify,2020-05-01,139,116,23
Netlify,2020-06-01,90,83,7
Netlify,2020-07-01,95,100,-5
Netlify,2020-08-01,67,90,-23
Netlify,2020-09-01,122,76,46
Netlify,2020-10-01,104,60,44
Netlify,2020-11-01,71,40,31
Netlify,2020-12-01,63,42,21
Netlify,2021-01-01,136,103,33
Netlify,2021-02-01,69,60,9
Netlify,2021-03-01,69,42,27
Netlify,2021-04-01,79,84,-5
Netlify,2021-05-01,105,149,-44
Netlify,2021-06-01,125,75,50
Netlify,2021-07-01,137,106,31
Netlify,2021-08-01,86,65,21
Netlify,2021-09-01,92,75,17
Netlify,2021-10-01,38,31,7
Netlify,2021-11-01,100,83,17
Netlify,2021-12-01,90,49,41
Netlify,2022-01-01,121,97,24
Netlify,2022-02-01,132,57,75
Netlify,2022-03-01,80,62,18
Netlify,2022-04-01,84,53,31
Netlify,2022-05-01,104,56,48
Netlify,2022-06-01,96,85,11
Netlify,2022-07-01,89,77,12
Netlify,2022-08-01,107,104,3
Netlify,2022-09-01,116,86,30
Netlify,2022-10-01,132,164,-32
Netlify,2022-11-01,149,135,14
Netlify,2022-12-01,138,103,35
Netlify,2023-01-01,130,96,34
Netlify,2023-02-01,142,83,59
Netlify,2023-03-01,102,72,30
Netlify,2023-04-01,84,63,21
Netlify,2023-05-01,86,41,45
Netlify,2023-06-01,73,49,24
Netlify,2023-07-01,66,56,10
Netlify,2023-08-01,105,84,21
Netlify,2023-09-01,59,85,-26
Netlify,2023-10-01,74,43,31
Netlify,2023-11-01,80,46,34
Netlify,2023-12-01,93,230,-137
Netlify,2024-01-01,127,100,27
Netlify,2024-02-01,81,76,5
Netlify,2024-03-01,97,74,23
Netlify,2024-04-01,53,35,18
Netlify,2024-05-01,78,55,23
Netlify,2024-06-01,67,47,20
Netlify,2024-07-01,51,61,-10
Netlify,2024-08-01,45,31,14
Netlify,2024-09-01,62,87,-25
Netlify,2024-10-01,57,42,15
Netlify,2024-11-01,12,8,4
Nicira,2015-01-01,1,4,-3
Nicira,2015-02-01,1,1,0
Nicira,2015-03-01,8,11,-3
Nicira,2015-04-01,23,20,3
Nicira,2015-05-01,4,9,-5
Nicira,2015-06-01,7,8,-1
Nicira,2015-07-01,13,13,0
Nicira,2015-08-01,3,3,0
Nicira,2015-09-01,2,3,-1
Nicira,2015-11-01,2,1,1
Nicira,2015-12-01,3,7,-4
Nicira,2016-01-01,4,2,2
Nicira,2016-02-01,2,4,-2
Nicira,2016-03-01,5,4,1
Nicira,2016-04-01,0,1,-1
Nicira,2016-06-01,0,1,-1
Nicira,2016-07-01,4,1,3
Nicira,2016-10-01,1,0,1
Nicira,2016-11-01,3,1,2
Nicira,2016-12-01,2,0,2
Nicira,2017-01-01,5,8,-3
Nicira,2017-02-01,6,3,3
Nicira,2017-03-01,2,0,2
Nicira,2017-04-01,1,1,0
Nicira,2017-06-01,3,3,0
Nicira,2017-07-01,1,1,0
Nicira,2017-08-01,1,0,1
Nicira,2017-09-01,2,0,2
Nicira,2017-10-01,2,0,2
Nicira,2017-11-01,1,0,1
Nicira,2017-12-01,1,0,1
Nicira,2018-01-01,1,0,1
Nicira,2018-02-01,0,1,-1
Nicira,2018-03-01,1,0,1
Nicira,2018-04-01,6,1,5
Nicira,2018-05-01,3,1,2
Nicira,2018-06-01,2,0,2
Nicira,2018-07-01,3,1,2
Nicira,2018-08-01,4,2,2
Nicira,2018-09-01,4,3,1
Nicira,2018-10-01,0,2,-2
Nicira,2018-11-01,4,3,1
Nicira,2019-01-01,1,0,1
Nicira,2019-03-01,1,0,1
Nicira,2019-04-01,3,1,2
Nicira,2019-05-01,1,0,1
Nicira,2019-08-01,1,0,1
Nicira,2019-09-01,2,0,2
Nicira,2019-10-01,1,0,1
Nicira,2019-11-01,2,0,2
Nicira,2019-12-01,1,2,-1
Nicira,2020-01-01,1,1,0
Nicira,2020-02-01,1,0,1
Nicira,2020-03-01,1,1,0
Nicira,2020-04-01,2,0,2
Nicira,2020-05-01,1,0,1
Nicira,2020-06-01,5,3,2
Nicira,2020-07-01,2,1,1
Nicira,2020-08-01,4,3,1
Nicira,2020-10-01,1,0,1
Nicira,2020-12-01,2,0,2
Nicira,2021-01-01,6,4,2
Nicira,2021-02-01,1,2,-1
Nicira,2021-03-01,1,0,1
Nicira,2021-05-01,0,4,-4
Nicira,2021-06-01,10,4,6
Nicira,2021-07-01,4,1,3
Nicira,2021-08-01,3,0,3
Nicira,2021-09-01,4,2,2
Nicira,2021-10-01,1,1,0
Nicira,2021-11-01,4,0,4
Nicira,2021-12-01,3,1,2
Nicira,2022-01-01,4,3,1
Nicira,2022-02-01,6,6,0
Nicira,2022-04-01,4,3,1
Nicira,2022-05-01,2,0,2
Nicira,2022-06-01,2,1,1
Nicira,2022-07-01,1,1,0
Nicira,2022-08-01,6,1,5
Nicira,2022-09-01,1,1,0
Nicira,2022-10-01,4,4,0
Nicira,2022-11-01,1,1,0
Nicira,2022-12-01,2,0,2
Nicira,2023-02-01,1,2,-1
Nicira,2023-03-01,4,1,3
Nicira,2023-04-01,3,4,-1
Nicira,2023-05-01,1,0,1
Nicira,2023-06-01,3,0,3
Nicira,2023-07-01,8,3,5
Nicira,2023-08-01,5,10,-5
Nicira,2023-09-01,8,9,-1
Nicira,2023-10-01,2,1,1
Nicira,2023-11-01,2,1,1
Nicira,2023-12-01,3,0,3
Nicira,2024-01-01,3,3,0
Nicira,2024-02-01,1,2,-1
Nicira,2024-03-01,4,4,0
Nicira,2024-04-01,1,1,0
Nicira,2024-05-01,6,1,5
Nicira,2024-06-01,2,1,1
Nicira,2024-07-01,1,0,1
Nicira,2024-08-01,4,1,3
Nicira,2024-09-01,3,4,-1
Nicira,2024-10-01,5,3,2
Nicira,2024-11-01,1,0,1
Odoo,2015-01-01,204,124,80
Odoo,2015-02-01,227,96,131
Odoo,2015-03-01,185,80,105
Odoo,2015-04-01,213,91,122
Odoo,2015-05-01,181,50,131
Odoo,2015-06-01,143,61,82
Odoo,2015-07-01,147,60,87
Odoo,2015-08-01,116,76,40
Odoo,2015-09-01,208,126,82
Odoo,2015-10-01,255,163,92
Odoo,2015-11-01,204,111,93
Odoo,2015-12-01,154,94,60
Odoo,2016-01-01,170,89,81
Odoo,2016-02-01,176,84,92
Odoo,2016-03-01,123,74,49
Odoo,2016-04-01,92,43,49
Odoo,2016-05-01,101,129,-28
Odoo,2016-06-01,140,298,-158
Odoo,2016-07-01,93,113,-20
Odoo,2016-08-01,120,97,23
Odoo,2016-09-01,122,39,83
Odoo,2016-10-01,190,237,-47
Odoo,2016-11-01,177,129,48
Odoo,2016-12-01,119,97,22
Odoo,2017-01-01,137,86,51
Odoo,2017-02-01,122,61,61
Odoo,2017-03-01,136,76,60
Odoo,2017-04-01,113,55,58
Odoo,2017-05-01,109,112,-3
Odoo,2017-06-01,113,158,-45
Odoo,2017-07-01,144,91,53
Odoo,2017-08-01,133,75,58
Odoo,2017-09-01,136,73,63
Odoo,2017-10-01,269,393,-124
Odoo,2017-11-01,235,510,-275
Odoo,2017-12-01,154,886,-732
Odoo,2018-01-01,241,355,-114
Odoo,2018-02-01,263,430,-167
Odoo,2018-03-01,195,248,-53
Odoo,2018-04-01,161,437,-276
Odoo,2018-05-01,181,262,-81
Odoo,2018-06-01,162,182,-20
Odoo,2018-07-01,171,128,43
Odoo,2018-08-01,151,130,21
Odoo,2018-09-01,144,101,43
Odoo,2018-10-01,286,252,34
Odoo,2018-11-01,198,141,57
Odoo,2018-12-01,171,99,72
Odoo,2019-01-01,167,147,20
Odoo,2019-02-01,158,102,56
Odoo,2019-03-01,174,151,23
Odoo,2019-04-01,163,163,0
Odoo,2019-05-01,139,135,4
Odoo,2019-06-01,112,72,40
Odoo,2019-07-01,160,128,32
Odoo,2019-08-01,151,131,20
Odoo,2019-09-01,127,103,24
Odoo,2019-10-01,368,377,-9
Odoo,2019-11-01,225,221,4
Odoo,2019-12-01,196,170,26
Odoo,2020-01-01,233,296,-63
Odoo,2020-02-01,243,166,77
Odoo,2020-03-01,177,172,5
Odoo,2020-04-01,142,149,-7
Odoo,2020-05-01,178,167,11
Odoo,2020-06-01,150,106,44
Odoo,2020-07-01,107,81,26
Odoo,2020-08-01,106,74,32
Odoo,2020-09-01,112,91,21
Odoo,2020-10-01,214,164,50
Odoo,2020-11-01,190,126,64
Odoo,2020-12-01,152,74,78
Odoo,2021-01-01,155,112,43
Odoo,2021-02-01,118,81,37
Odoo,2021-03-01,127,111,16
Odoo,2021-04-01,121,81,40
Odoo,2021-05-01,115,78,37
Odoo,2021-06-01,143,107,36
Odoo,2021-07-01,295,273,22
Odoo,2021-08-01,79,61,18
Odoo,2021-09-01,112,62,50
Odoo,2021-10-01,71,28,43
Odoo,2021-11-01,119,35,84
Odoo,2021-12-01,112,49,63
Odoo,2022-01-01,106,48,58
Odoo,2022-02-01,85,92,-7
Odoo,2022-03-01,83,40,43
Odoo,2022-04-01,102,25,77
Odoo,2022-05-01,118,37,81
Odoo,2022-06-01,106,40,66
Odoo,2022-07-01,89,24,65
Odoo,2022-08-01,84,45,39
Odoo,2022-09-01,104,34,70
Odoo,2022-10-01,160,67,93
Odoo,2022-11-01,134,57,77
Odoo,2022-12-01,109,43,66
Odoo,2023-01-01,122,94,28
Odoo,2023-02-01,116,39,77
Odoo,2023-03-01,105,672,-567
Odoo,2023-04-01,115,153,-38
Odoo,2023-05-01,86,82,4
Odoo,2023-06-01,128,110,18
Odoo,2023-07-01,79,35,44
Odoo,2023-08-01,101,45,56
Odoo,2023-09-01,91,60,31
Odoo,2023-10-01,91,34,57
Odoo,2023-11-01,129,73,56
Odoo,2023-12-01,112,32,80
Odoo,2024-01-01,130,60,70
Odoo,2024-02-01,95,44,51
Odoo,2024-03-01,97,40,57
Odoo,2024-04-01,108,108,0
Odoo,2024-05-01,100,43,57
Odoo,2024-06-01,77,28,49
Odoo,2024-07-01,69,22,47
Odoo,2024-08-01,67,23,44
Odoo,2024-09-01,68,33,35
Odoo,2024-10-01,102,25,77
Odoo,2024-11-01,24,7,17
Oneflow,2020-07-01,18,8,10
Oneflow,2020-08-01,112,42,70
Oneflow,2020-09-01,52,30,22
Oneflow,2020-10-01,30,22,8
Oneflow,2020-11-01,144,58,86
Oneflow,2020-12-01,48,28,20
Oneflow,2021-01-01,20,16,4
Oneflow,2021-02-01,6,4,2
Oneflow,2021-03-01,6,10,-4
Oneflow,2021-04-01,24,6,18
Oneflow,2021-05-01,10,20,-10
Oneflow,2021-06-01,46,20,26
Oneflow,2021-07-01,46,14,32
Oneflow,2021-08-01,68,50,18
Oneflow,2021-09-01,116,64,52
Oneflow,2021-10-01,12,16,-4
Oneflow,2021-11-01,58,36,22
Oneflow,2021-12-01,120,54,66
Oneflow,2022-01-01,120,72,48
Oneflow,2022-02-01,90,52,38
Oneflow,2022-03-01,86,86,0
Oneflow,2022-04-01,76,40,36
Oneflow,2022-05-01,52,32,20
Oneflow,2022-06-01,48,28,20
Oneflow,2022-07-01,94,50,44
Oneflow,2022-08-01,112,86,26
Oneflow,2022-09-01,122,96,26
Oneflow,2022-10-01,100,94,6
Oneflow,2022-11-01,112,92,20
Oneflow,2022-12-01,68,70,-2
Oneflow,2023-01-01,86,62,24
Oneflow,2023-02-01,114,108,6
Oneflow,2023-03-01,112,82,30
Oneflow,2023-04-01,98,54,44
Oneflow,2023-05-01,58,26,32
Oneflow,2023-06-01,16,12,4
Oneflow,2023-07-01,28,2,26
Oneflow,2023-08-01,14,8,6
Oneflow,2023-09-01,26,4,22
Oneflow,2023-10-01,30,4,26
Oneflow,2023-11-01,54,32,22
Oneflow,2023-12-01,30,14,16
Oneflow,2024-01-01,18,4,14
Oneflow,2024-02-01,16,8,8
Oneflow,2024-03-01,60,4,56
Oneflow,2024-04-01,66,6,60
Oneflow,2024-05-01,8,0,8
Oneflow,2024-06-01,6,2,4
Oneflow,2024-07-01,10,0,10
Oneflow,2024-08-01,4,0,4
Oneflow,2024-09-01,4,2,2
Oneflow,2024-10-01,4,0,4
OpenAI,2016-04-01,19,12,7
OpenAI,2016-05-01,54,46,8
OpenAI,2016-06-01,48,37,11
OpenAI,2016-07-01,27,15,12
OpenAI,2016-08-01,31,20,11
OpenAI,2016-09-01,35,14,21
OpenAI,2016-10-01,36,16,20
OpenAI,2016-11-01,19,12,7
OpenAI,2016-12-01,132,81,51
OpenAI,2017-01-01,89,72,17
OpenAI,2017-02-01,76,47,29
OpenAI,2017-03-01,48,51,-3
OpenAI,2017-04-01,59,20,39
OpenAI,2017-05-01,87,38,49
OpenAI,2017-06-01,97,45,52
OpenAI,2017-07-01,96,69,27
OpenAI,2017-08-01,85,51,34
OpenAI,2017-09-01,108,51,57
OpenAI,2017-10-01,91,27,64
OpenAI,2017-11-01,74,40,34
OpenAI,2017-12-01,70,28,42
OpenAI,2018-01-01,76,26,50
OpenAI,2018-02-01,120,81,39
OpenAI,2018-03-01,141,60,81
OpenAI,2018-04-01,139,183,-44
OpenAI,2018-05-01,75,50,25
OpenAI,2018-06-01,85,21,64
OpenAI,2018-07-01,105,60,45
OpenAI,2018-08-01,112,62,50
OpenAI,2018-09-01,95,52,43
OpenAI,2018-10-01,103,70,33
OpenAI,2018-11-01,136,91,45
OpenAI,2018-12-01,88,46,42
OpenAI,2019-01-01,84,34,50
OpenAI,2019-02-01,172,171,1
OpenAI,2019-03-01,135,171,-36
OpenAI,2019-04-01,116,108,8
OpenAI,2019-05-01,109,158,-49
OpenAI,2019-06-01,107,61,46
OpenAI,2019-07-01,100,70,30
OpenAI,2019-08-01,85,52,33
OpenAI,2019-09-01,72,51,21
OpenAI,2019-10-01,62,91,-29
OpenAI,2019-11-01,89,62,27
OpenAI,2019-12-01,75,61,14
OpenAI,2020-01-01,60,30,30
OpenAI,2020-02-01,71,44,27
OpenAI,2020-03-01,87,25,62
OpenAI,2020-04-01,71,29,42
OpenAI,2020-05-01,144,60,84
OpenAI,2020-06-01,97,44,53
OpenAI,2020-07-01,79,29,50
OpenAI,2020-08-01,64,25,39
OpenAI,2020-09-01,78,21,57
OpenAI,2020-10-01,50,16,34
OpenAI,2020-11-01,73,16,57
OpenAI,2020-12-01,50,28,22
OpenAI,2021-01-01,79,30,49
OpenAI,2021-02-01,80,40,40
OpenAI,2021-03-01,95,44,51
OpenAI,2021-04-01,71,30,41
OpenAI,2021-05-01,51,16,35
OpenAI,2021-06-01,39,12,27
OpenAI,2021-07-01,57,158,-101
OpenAI,2021-08-01,59,76,-17
OpenAI,2021-09-01,60,69,-9
OpenAI,2021-10-01,14,12,2
OpenAI,2021-11-01,63,28,35
OpenAI,2021-12-01,71,62,9
OpenAI,2022-01-01,58,52,6
OpenAI,2022-02-01,70,29,41
OpenAI,2022-03-01,78,43,35
OpenAI,2022-04-01,90,68,22
OpenAI,2022-05-01,75,116,-41
OpenAI,2022-06-01,84,30,54
OpenAI,2022-07-01,89,53,36
OpenAI,2022-08-01,64,31,33
OpenAI,2022-09-01,82,40,42
OpenAI,2022-10-01,75,72,3
OpenAI,2022-11-01,63,17,46
OpenAI,2022-12-01,129,61,68
OpenAI,2023-01-01,152,86,66
OpenAI,2023-02-01,142,71,71
OpenAI,2023-03-01,430,228,202
OpenAI,2023-04-01,293,123,170
OpenAI,2023-05-01,274,106,168
OpenAI,2023-06-01,158,80,78
OpenAI,2023-07-01,135,141,-6
OpenAI,2023-08-01,119,57,62
OpenAI,2023-09-01,109,170,-61
OpenAI,2023-10-01,107,109,-2
OpenAI,2023-11-01,278,255,23
OpenAI,2023-12-01,170,147,23
OpenAI,2024-01-01,100,59,41
OpenAI,2024-02-01,102,91,11
OpenAI,2024-03-01,134,94,40
OpenAI,2024-04-01,119,63,56
OpenAI,2024-05-01,156,100,56
OpenAI,2024-06-01,126,67,59
OpenAI,2024-07-01,101,110,-9
OpenAI,2024-08-01,126,55,71
OpenAI,2024-09-01,124,71,53
OpenAI,2024-10-01,547,109,438
OpenAI,2024-11-01,33,17,16
OpenResty,2015-01-01,8,9,-1
OpenResty,2015-02-01,16,7,9
OpenResty,2015-03-01,21,10,11
OpenResty,2015-04-01,21,15,6
OpenResty,2015-05-01,23,16,7
OpenResty,2015-06-01,15,12,3
OpenResty,2015-07-01,12,8,4
OpenResty,2015-08-01,22,11,11
OpenResty,2015-09-01,17,6,11
OpenResty,2015-10-01,19,13,6
OpenResty,2015-11-01,25,15,10
OpenResty,2015-12-01,26,16,10
OpenResty,2016-01-01,35,19,16
OpenResty,2016-02-01,34,85,-51
OpenResty,2016-03-01,66,38,28
OpenResty,2016-04-01,51,27,24
OpenResty,2016-05-01,59,53,6
OpenResty,2016-06-01,63,40,23
OpenResty,2016-07-01,48,37,11
OpenResty,2016-08-01,59,52,7
OpenResty,2016-09-01,59,40,19
OpenResty,2016-10-01,60,47,13
OpenResty,2016-11-01,52,39,13
OpenResty,2016-12-01,56,46,10
OpenResty,2017-01-01,40,23,17
OpenResty,2017-02-01,21,13,8
OpenResty,2017-03-01,65,34,31
OpenResty,2017-04-01,48,55,-7
OpenResty,2017-05-01,61,40,21
OpenResty,2017-06-01,48,39,9
OpenResty,2017-07-01,42,41,1
OpenResty,2017-08-01,56,57,-1
OpenResty,2017-09-01,42,42,0
OpenResty,2017-10-01,28,20,8
OpenResty,2017-11-01,45,36,9
OpenResty,2017-12-01,39,33,6
OpenResty,2018-01-01,42,37,5
OpenResty,2018-02-01,42,44,-2
OpenResty,2018-03-01,29,15,14
OpenResty,2018-04-01,27,24,3
OpenResty,2018-05-01,42,22,20
OpenResty,2018-06-01,34,24,10
OpenResty,2018-07-01,30,13,17
OpenResty,2018-08-01,29,10,19
OpenResty,2018-09-01,16,9,7
OpenResty,2018-10-01,33,13,20
OpenResty,2018-11-01,42,36,6
OpenResty,2018-12-01,31,7,24
OpenResty,2019-01-01,33,13,20
OpenResty,2019-02-01,27,49,-22
OpenResty,2019-03-01,52,37,15
OpenResty,2019-04-01,33,11,22
OpenResty,2019-05-01,48,35,13
OpenResty,2019-06-01,40,25,15
OpenResty,2019-07-01,43,29,14
OpenResty,2019-08-01,30,36,-6
OpenResty,2019-09-01,42,19,23
OpenResty,2019-10-01,43,7,36
OpenResty,2019-11-01,38,14,24
OpenResty,2019-12-01,29,13,16
OpenResty,2020-01-01,21,11,10
OpenResty,2020-02-01,37,13,24
OpenResty,2020-03-01,39,24,15
OpenResty,2020-04-01,44,20,24
OpenResty,2020-05-01,30,16,14
OpenResty,2020-06-01,44,19,25
OpenResty,2020-07-01,47,29,18
OpenResty,2020-08-01,30,19,11
OpenResty,2020-09-01,30,13,17
OpenResty,2020-10-01,35,26,9
OpenResty,2020-11-01,24,6,18
OpenResty,2020-12-01,30,15,15
OpenResty,2021-01-01,25,5,20
OpenResty,2021-02-01,28,11,17
OpenResty,2021-03-01,30,18,12
OpenResty,2021-04-01,17,8,9
OpenResty,2021-05-01,22,5,17
OpenResty,2021-06-01,20,14,6
OpenResty,2021-07-01,23,12,11
OpenResty,2021-08-01,30,12,18
OpenResty,2021-09-01,21,9,12
OpenResty,2021-10-01,13,5,8
OpenResty,2021-11-01,19,6,13
OpenResty,2021-12-01,19,6,13
OpenResty,2022-01-01,22,12,10
OpenResty,2022-02-01,14,11,3
OpenResty,2022-03-01,31,20,11
OpenResty,2022-04-01,15,13,2
OpenResty,2022-05-01,21,11,10
OpenResty,2022-06-01,28,12,16
OpenResty,2022-07-01,21,4,17
OpenResty,2022-08-01,22,9,13
OpenResty,2022-09-01,16,7,9
OpenResty,2022-10-01,19,14,5
OpenResty,2022-11-01,24,11,13
OpenResty,2022-12-01,11,4,7
OpenResty,2023-01-01,16,4,12
OpenResty,2023-02-01,24,10,14
OpenResty,2023-03-01,10,8,2
OpenResty,2023-04-01,17,9,8
OpenResty,2023-05-01,10,6,4
OpenResty,2023-06-01,16,5,11
OpenResty,2023-07-01,20,7,13
OpenResty,2023-08-01,19,10,9
OpenResty,2023-09-01,14,4,10
OpenResty,2023-10-01,24,14,10
OpenResty,2023-11-01,18,12,6
OpenResty,2023-12-01,21,7,14
OpenResty,2024-01-01,21,33,-12
OpenResty,2024-02-01,20,3,17
OpenResty,2024-03-01,17,14,3
OpenResty,2024-04-01,23,4,19
OpenResty,2024-05-01,22,10,12
OpenResty,2024-06-01,15,6,9
OpenResty,2024-07-01,21,8,13
OpenResty,2024-08-01,19,28,-9
OpenResty,2024-09-01,11,6,5
OpenResty,2024-10-01,17,11,6
OpenResty,2024-11-01,6,9,-3
Oracle,2015-01-01,32,17,15
Oracle,2015-02-01,43,27,16
Oracle,2015-03-01,56,49,7
Oracle,2015-04-01,68,53,15
Oracle,2015-05-01,78,52,26
Oracle,2015-06-01,96,61,35
Oracle,2015-07-01,86,53,33
Oracle,2015-08-01,66,51,15
Oracle,2015-09-01,117,107,10
Oracle,2015-10-01,83,42,41
Oracle,2015-11-01,86,75,11
Oracle,2015-12-01,89,60,29
Oracle,2016-01-01,100,73,27
Oracle,2016-02-01,100,68,32
Oracle,2016-03-01,106,74,32
Oracle,2016-04-01,116,111,5
Oracle,2016-05-01,100,59,41
Oracle,2016-06-01,93,80,13
Oracle,2016-07-01,89,97,-8
Oracle,2016-08-01,111,77,34
Oracle,2016-09-01,83,71,12
Oracle,2016-10-01,88,95,-7
Oracle,2016-11-01,84,69,15
Oracle,2016-12-01,68,78,-10
Oracle,2017-01-01,74,69,5
Oracle,2017-02-01,97,63,34
Oracle,2017-03-01,101,117,-16
Oracle,2017-04-01,96,69,27
Oracle,2017-05-01,167,150,17
Oracle,2017-06-01,199,269,-70
Oracle,2017-07-01,259,344,-85
Oracle,2017-08-01,247,270,-23
Oracle,2017-09-01,180,99,81
Oracle,2017-10-01,264,185,79
Oracle,2017-11-01,310,197,113
Oracle,2017-12-01,176,148,28
Oracle,2018-01-01,329,213,116
Oracle,2018-02-01,288,592,-304
Oracle,2018-03-01,326,247,79
Oracle,2018-04-01,370,268,102
Oracle,2018-05-01,298,262,36
Oracle,2018-06-01,309,365,-56
Oracle,2018-07-01,292,223,69
Oracle,2018-08-01,286,465,-179
Oracle,2018-09-01,342,3271,-2929
Oracle,2018-10-01,295,242,53
Oracle,2018-11-01,296,233,63
Oracle,2018-12-01,228,198,30
Oracle,2019-01-01,269,250,19
Oracle,2019-02-01,301,286,15
Oracle,2019-03-01,352,273,79
Oracle,2019-04-01,363,298,65
Oracle,2019-05-01,417,342,75
Oracle,2019-06-01,296,231,65
Oracle,2019-07-01,298,259,39
Oracle,2019-08-01,231,172,59
Oracle,2019-09-01,218,518,-300
Oracle,2019-10-01,250,258,-8
Oracle,2019-11-01,279,186,93
Oracle,2019-12-01,262,234,28
Oracle,2020-01-01,232,193,39
Oracle,2020-02-01,251,220,31
Oracle,2020-03-01,244,242,2
Oracle,2020-04-01,259,186,73
Oracle,2020-05-01,287,202,85
Oracle,2020-06-01,318,293,25
Oracle,2020-07-01,258,200,58
Oracle,2020-08-01,243,240,3
Oracle,2020-09-01,255,323,-68
Oracle,2020-10-01,276,263,13
Oracle,2020-11-01,265,216,49
Oracle,2020-12-01,243,210,33
Oracle,2021-01-01,299,222,77
Oracle,2021-02-01,278,222,56
Oracle,2021-03-01,298,319,-21
Oracle,2021-04-01,258,176,82
Oracle,2021-05-01,283,260,23
Oracle,2021-06-01,320,254,66
Oracle,2021-07-01,287,225,62
Oracle,2021-08-01,214,193,21
Oracle,2021-09-01,280,234,46
Oracle,2021-10-01,79,58,21
Oracle,2021-11-01,262,179,83
Oracle,2021-12-01,270,197,73
Oracle,2022-01-01,293,230,63
Oracle,2022-02-01,239,190,49
Oracle,2022-03-01,249,217,32
Oracle,2022-04-01,235,182,53
Oracle,2022-05-01,229,177,52
Oracle,2022-06-01,192,182,10
Oracle,2022-07-01,228,155,73
Oracle,2022-08-01,225,223,2
Oracle,2022-09-01,338,232,106
Oracle,2022-10-01,256,241,15
Oracle,2022-11-01,256,195,61
Oracle,2022-12-01,212,140,72
Oracle,2023-01-01,218,178,40
Oracle,2023-02-01,213,178,35
Oracle,2023-03-01,228,251,-23
Oracle,2023-04-01,221,220,1
Oracle,2023-05-01,175,232,-57
Oracle,2023-06-01,259,153,106
Oracle,2023-07-01,240,170,70
Oracle,2023-08-01,226,178,48
Oracle,2023-09-01,240,158,82
Oracle,2023-10-01,282,211,71
Oracle,2023-11-01,237,265,-28
Oracle,2023-12-01,212,200,12
Oracle,2024-01-01,215,387,-172
Oracle,2024-02-01,212,319,-107
Oracle,2024-03-01,221,193,28
Oracle,2024-04-01,243,164,79
Oracle,2024-05-01,196,154,42
Oracle,2024-06-01,198,177,21
Oracle,2024-07-01,262,202,60
Oracle,2024-08-01,244,187,57
Oracle,2024-09-01,194,137,57
Oracle,2024-10-01,235,175,60
Oracle,2024-11-01,55,64,-9
Oushu,2021-10-01,1,0,1
Oushu,2022-04-01,0,2,-2
PayPal,2015-01-01,106,101,5
PayPal,2015-02-01,116,96,20
PayPal,2015-03-01,137,110,27
PayPal,2015-04-01,130,105,25
PayPal,2015-05-01,131,113,18
PayPal,2015-06-01,131,111,20
PayPal,2015-07-01,131,135,-4
PayPal,2015-08-01,142,96,46
PayPal,2015-09-01,146,135,11
PayPal,2015-10-01,134,142,-8
PayPal,2015-11-01,139,93,46
PayPal,2015-12-01,104,90,14
PayPal,2016-01-01,151,132,19
PayPal,2016-02-01,121,93,28
PayPal,2016-03-01,150,121,29
PayPal,2016-04-01,134,96,38
PayPal,2016-05-01,124,100,24
PayPal,2016-06-01,101,86,15
PayPal,2016-07-01,109,101,8
PayPal,2016-08-01,120,120,0
PayPal,2016-09-01,121,108,13
PayPal,2016-10-01,149,148,1
PayPal,2016-11-01,123,103,20
PayPal,2016-12-01,96,89,7
PayPal,2017-01-01,85,78,7
PayPal,2017-02-01,94,82,12
PayPal,2017-03-01,136,139,-3
PayPal,2017-04-01,120,113,7
PayPal,2017-05-01,117,103,14
PayPal,2017-06-01,111,77,34
PayPal,2017-07-01,107,98,9
PayPal,2017-08-01,120,98,22
PayPal,2017-09-01,88,55,33
PayPal,2017-10-01,99,93,6
PayPal,2017-11-01,138,66,72
PayPal,2017-12-01,102,54,48
PayPal,2018-01-01,95,76,19
PayPal,2018-02-01,91,102,-11
PayPal,2018-03-01,87,59,28
PayPal,2018-04-01,84,53,31
PayPal,2018-05-01,80,66,14
PayPal,2018-06-01,103,67,36
PayPal,2018-07-01,98,47,51
PayPal,2018-08-01,92,67,25
PayPal,2018-09-01,59,34,25
PayPal,2018-10-01,71,46,25
PayPal,2018-11-01,54,40,14
PayPal,2018-12-01,44,47,-3
PayPal,2019-01-01,47,72,-25
PayPal,2019-02-01,74,74,0
PayPal,2019-03-01,84,41,43
PayPal,2019-04-01,67,66,1
PayPal,2019-05-01,65,42,23
PayPal,2019-06-01,60,33,27
PayPal,2019-07-01,65,36,29
PayPal,2019-08-01,56,34,22
PayPal,2019-09-01,44,121,-77
PayPal,2019-10-01,60,80,-20
PayPal,2019-11-01,62,69,-7
PayPal,2019-12-01,36,71,-35
PayPal,2020-01-01,33,22,11
PayPal,2020-02-01,37,11,26
PayPal,2020-03-01,35,21,14
PayPal,2020-04-01,58,92,-34
PayPal,2020-05-01,38,39,-1
PayPal,2020-06-01,48,52,-4
PayPal,2020-07-01,55,51,4
PayPal,2020-08-01,23,25,-2
PayPal,2020-09-01,29,35,-6
PayPal,2020-10-01,73,52,21
PayPal,2020-11-01,30,20,10
PayPal,2020-12-01,25,36,-11
PayPal,2021-01-01,46,37,9
PayPal,2021-02-01,42,41,1
PayPal,2021-03-01,36,23,13
PayPal,2021-04-01,37,32,5
PayPal,2021-05-01,39,31,8
PayPal,2021-06-01,46,51,-5
PayPal,2021-07-01,63,26,37
PayPal,2021-08-01,68,53,15
PayPal,2021-09-01,51,47,4
PayPal,2021-10-01,27,26,1
PayPal,2021-11-01,42,42,0
PayPal,2021-12-01,30,29,1
PayPal,2022-01-01,43,29,14
PayPal,2022-02-01,38,37,1
PayPal,2022-03-01,32,30,2
PayPal,2022-04-01,30,24,6
PayPal,2022-05-01,26,27,-1
PayPal,2022-06-01,24,18,6
PayPal,2022-07-01,32,21,11
PayPal,2022-08-01,23,26,-3
PayPal,2022-09-01,37,38,-1
PayPal,2022-10-01,31,35,-4
PayPal,2022-11-01,23,25,-2
PayPal,2022-12-01,31,29,2
PayPal,2023-01-01,26,20,6
PayPal,2023-02-01,37,24,13
PayPal,2023-03-01,43,45,-2
PayPal,2023-04-01,24,22,2
PayPal,2023-05-01,53,26,27
PayPal,2023-06-01,32,23,9
PayPal,2023-07-01,32,15,17
PayPal,2023-08-01,25,34,-9
PayPal,2023-09-01,43,48,-5
PayPal,2023-10-01,38,43,-5
PayPal,2023-11-01,32,24,8
PayPal,2023-12-01,17,16,1
PayPal,2024-01-01,24,28,-4
PayPal,2024-02-01,39,37,2
PayPal,2024-03-01,14,14,0
PayPal,2024-04-01,14,14,0
PayPal,2024-05-01,16,6,10
PayPal,2024-06-01,23,5,18
PayPal,2024-07-01,27,9,18
PayPal,2024-08-01,12,3,9
PayPal,2024-09-01,17,11,6
PayPal,2024-10-01,21,17,4
PayPal,2024-11-01,6,3,3
Pentaho,2015-01-01,2,2,0
Pentaho,2015-03-01,5,1,4
Pentaho,2015-04-01,8,3,5
Pentaho,2015-05-01,1,1,0
Pentaho,2015-06-01,1,1,0
Pentaho,2015-07-01,1,0,1
Pentaho,2015-08-01,1,0,1
Pentaho,2015-09-01,1,0,1
Pentaho,2015-10-01,6,2,4
Pentaho,2015-11-01,0,3,-3
Pentaho,2015-12-01,7,0,7
Pentaho,2016-02-01,2,2,0
Pentaho,2016-03-01,3,1,2
Pentaho,2016-04-01,4,0,4
Pentaho,2016-06-01,1,0,1
Pentaho,2016-07-01,6,0,6
Pentaho,2016-08-01,4,1,3
Pentaho,2016-09-01,3,2,1
Pentaho,2016-10-01,6,2,4
Pentaho,2016-11-01,3,0,3
Pentaho,2016-12-01,8,5,3
Pentaho,2017-01-01,2,1,1
Pentaho,2017-02-01,5,1,4
Pentaho,2017-03-01,5,1,4
Pentaho,2017-04-01,6,2,4
Pentaho,2017-05-01,1,0,1
Pentaho,2017-06-01,3,0,3
Pentaho,2017-07-01,6,2,4
Pentaho,2017-08-01,3,6,-3
Pentaho,2017-09-01,3,2,1
Pentaho,2017-10-01,9,1,8
Pentaho,2017-11-01,2,0,2
Pentaho,2017-12-01,4,0,4
Pentaho,2018-01-01,5,0,5
Pentaho,2018-02-01,3,2,1
Pentaho,2018-03-01,4,1,3
Pentaho,2018-04-01,2,2,0
Pentaho,2018-05-01,2,0,2
Pentaho,2018-06-01,1,0,1
Pentaho,2018-07-01,5,1,4
Pentaho,2018-08-01,2,0,2
Pentaho,2018-09-01,2,0,2
Pentaho,2018-10-01,6,0,6
Pentaho,2018-11-01,2,1,1
Pentaho,2018-12-01,3,0,3
Pentaho,2019-01-01,4,0,4
Pentaho,2019-02-01,4,0,4
Pentaho,2019-03-01,2,0,2
Pentaho,2019-04-01,1,0,1
Pentaho,2019-05-01,3,1,2
Pentaho,2019-06-01,3,0,3
Pentaho,2019-07-01,3,1,2
Pentaho,2019-08-01,2,0,2
Pentaho,2019-09-01,2,0,2
Pentaho,2019-10-01,2,0,2
Pentaho,2019-11-01,0,2,-2
Pentaho,2019-12-01,1,1,0
Pentaho,2020-01-01,1,0,1
Pentaho,2020-02-01,2,0,2
Pentaho,2020-03-01,2,0,2
Pentaho,2020-04-01,2,1,1
Pentaho,2020-05-01,7,0,7
Pentaho,2020-06-01,6,3,3
Pentaho,2020-07-01,1,0,1
Pentaho,2020-08-01,5,1,4
Pentaho,2020-09-01,2,0,2
Pentaho,2020-10-01,5,1,4
Pentaho,2020-11-01,2,0,2
Pentaho,2020-12-01,3,0,3
Pentaho,2021-01-01,1,0,1
Pentaho,2021-02-01,1,0,1
Pentaho,2021-03-01,2,0,2
Pentaho,2021-04-01,4,0,4
Pentaho,2021-05-01,2,0,2
Pentaho,2021-06-01,1,0,1
Pentaho,2021-07-01,1,0,1
Pentaho,2021-09-01,0,1,-1
Pentaho,2021-11-01,2,0,2
Pentaho,2022-01-01,1,0,1
Pentaho,2022-07-01,3,0,3
Pentaho,2022-08-01,2,1,1
Pentaho,2022-09-01,1,0,1
Pentaho,2022-10-01,1,0,1
Pentaho,2022-11-01,4,0,4
Pentaho,2022-12-01,3,0,3
Pentaho,2023-01-01,1,0,1
Pentaho,2023-02-01,2,0,2
Pentaho,2023-03-01,1,1,0
Pentaho,2023-07-01,0,1,-1
Pentaho,2023-09-01,1,0,1
Pentaho,2023-11-01,0,2,-2
Pentaho,2023-12-01,2,0,2
Pentaho,2024-02-01,3,0,3
Pentaho,2024-03-01,1,1,0
Pentaho,2024-04-01,3,0,3
Pentaho,2024-05-01,3,0,3
Pentaho,2024-06-01,2,0,2
Pentaho,2024-09-01,1,1,0
Pentaho,2024-10-01,1,6,-5
PingCAP,2015-09-01,186,98,88
PingCAP,2015-10-01,106,98,8
PingCAP,2015-11-01,70,46,24
PingCAP,2015-12-01,82,88,-6
PingCAP,2016-01-01,26,32,-6
PingCAP,2016-02-01,16,12,4
PingCAP,2016-03-01,50,48,2
PingCAP,2016-04-01,92,50,42
PingCAP,2016-05-01,32,28,4
PingCAP,2016-06-01,18,12,6
PingCAP,2016-07-01,64,26,38
PingCAP,2016-08-01,70,50,20
PingCAP,2016-09-01,66,32,34
PingCAP,2016-10-01,90,88,2
PingCAP,2016-11-01,122,104,18
PingCAP,2016-12-01,138,66,72
PingCAP,2017-01-01,116,122,-6
PingCAP,2017-02-01,146,86,60
PingCAP,2017-03-01,80,70,10
PingCAP,2017-04-01,94,78,16
PingCAP,2017-05-01,102,134,-32
PingCAP,2017-06-01,90,56,34
PingCAP,2017-07-01,324,138,186
PingCAP,2017-08-01,320,230,90
PingCAP,2017-09-01,184,184,0
PingCAP,2017-10-01,204,110,94
PingCAP,2017-11-01,250,216,34
PingCAP,2017-12-01,242,150,92
PingCAP,2018-01-01,178,150,28
PingCAP,2018-02-01,82,48,34
PingCAP,2018-03-01,198,178,20
PingCAP,2018-04-01,170,146,24
PingCAP,2018-05-01,204,160,44
PingCAP,2018-06-01,198,120,78
PingCAP,2018-07-01,228,248,-20
PingCAP,2018-08-01,306,164,142
PingCAP,2018-09-01,260,196,64
PingCAP,2018-10-01,272,244,28
PingCAP,2018-11-01,388,374,14
PingCAP,2018-12-01,318,206,112
PingCAP,2019-01-01,348,190,158
PingCAP,2019-02-01,270,160,110
PingCAP,2019-03-01,536,350,186
PingCAP,2019-04-01,502,304,198
PingCAP,2019-05-01,488,302,186
PingCAP,2019-06-01,490,338,152
PingCAP,2019-07-01,624,444,180
PingCAP,2019-08-01,596,464,132
PingCAP,2019-09-01,428,274,154
PingCAP,2019-10-01,376,256,120
PingCAP,2019-11-01,596,382,214
PingCAP,2019-12-01,614,380,234
PingCAP,2020-01-01,436,228,208
PingCAP,2020-02-01,664,380,284
PingCAP,2020-03-01,1102,1020,82
PingCAP,2020-04-01,1032,728,304
PingCAP,2020-05-01,940,610,330
PingCAP,2020-06-01,1420,820,600
PingCAP,2020-07-01,1086,1148,-62
PingCAP,2020-08-01,970,1020,-50
PingCAP,2020-09-01,938,872,66
PingCAP,2020-10-01,746,592,154
PingCAP,2020-11-01,908,1172,-264
PingCAP,2020-12-01,1122,1506,-384
PingCAP,2021-01-01,748,768,-20
PingCAP,2021-02-01,506,338,168
PingCAP,2021-03-01,1020,618,402
PingCAP,2021-04-01,864,636,228
PingCAP,2021-05-01,836,462,374
PingCAP,2021-06-01,1142,822,320
PingCAP,2021-07-01,1374,842,532
PingCAP,2021-08-01,1194,1056,138
PingCAP,2021-09-01,1282,832,450
PingCAP,2021-10-01,366,234,132
PingCAP,2021-11-01,1506,1064,442
PingCAP,2021-12-01,1468,1378,90
PingCAP,2022-01-01,1270,1010,260
PingCAP,2022-02-01,778,840,-62
PingCAP,2022-03-01,1260,1022,238
PingCAP,2022-04-01,1052,988,64
PingCAP,2022-05-01,1200,1110,90
PingCAP,2022-06-01,1208,1012,196
PingCAP,2022-07-01,1256,1070,186
PingCAP,2022-08-01,1328,1016,312
PingCAP,2022-09-01,1180,1098,82
PingCAP,2022-10-01,800,622,178
PingCAP,2022-11-01,1054,892,162
PingCAP,2022-12-01,950,758,192
PingCAP,2023-01-01,860,648,212
PingCAP,2023-02-01,1124,1092,32
PingCAP,2023-03-01,1098,874,224
PingCAP,2023-04-01,864,664,200
PingCAP,2023-05-01,758,680,78
PingCAP,2023-06-01,890,686,204
PingCAP,2023-07-01,736,602,134
PingCAP,2023-08-01,962,756,206
PingCAP,2023-09-01,944,776,168
PingCAP,2023-10-01,780,646,134
PingCAP,2023-11-01,1016,808,208
PingCAP,2023-12-01,968,778,190
PingCAP,2024-01-01,968,946,22
PingCAP,2024-02-01,542,490,52
PingCAP,2024-03-01,920,704,216
PingCAP,2024-04-01,886,926,-40
PingCAP,2024-05-01,678,786,-108
PingCAP,2024-06-01,632,1136,-504
PingCAP,2024-07-01,638,696,-58
PingCAP,2024-08-01,638,794,-156
PingCAP,2024-09-01,614,776,-162
PingCAP,2024-10-01,654,598,56
PingCAP,2024-11-01,162,126,36
Pivotal,2015-01-01,70,50,20
Pivotal,2015-02-01,54,37,17
Pivotal,2015-03-01,82,70,12
Pivotal,2015-04-01,92,79,13
Pivotal,2015-05-01,72,41,31
Pivotal,2015-06-01,92,86,6
Pivotal,2015-07-01,107,84,23
Pivotal,2015-08-01,142,111,31
Pivotal,2015-09-01,120,116,4
Pivotal,2015-10-01,109,127,-18
Pivotal,2015-11-01,104,140,-36
Pivotal,2015-12-01,118,112,6
Pivotal,2016-01-01,137,101,36
Pivotal,2016-02-01,141,111,30
Pivotal,2016-03-01,140,93,47
Pivotal,2016-04-01,132,119,13
Pivotal,2016-05-01,129,115,14
Pivotal,2016-06-01,155,148,7
Pivotal,2016-07-01,159,130,29
Pivotal,2016-08-01,188,143,45
Pivotal,2016-09-01,163,136,27
Pivotal,2016-10-01,180,160,20
Pivotal,2016-11-01,163,167,-4
Pivotal,2016-12-01,197,159,38
Pivotal,2017-01-01,258,234,24
Pivotal,2017-02-01,222,189,33
Pivotal,2017-03-01,308,250,58
Pivotal,2017-04-01,181,163,18
Pivotal,2017-05-01,231,177,54
Pivotal,2017-06-01,209,202,7
Pivotal,2017-07-01,244,241,3
Pivotal,2017-08-01,237,190,47
Pivotal,2017-09-01,172,138,34
Pivotal,2017-10-01,232,193,39
Pivotal,2017-11-01,191,183,8
Pivotal,2017-12-01,160,101,59
Pivotal,2018-01-01,177,199,-22
Pivotal,2018-02-01,195,139,56
Pivotal,2018-03-01,246,211,35
Pivotal,2018-04-01,210,201,9
Pivotal,2018-05-01,209,171,38
Pivotal,2018-06-01,184,130,54
Pivotal,2018-07-01,198,135,63
Pivotal,2018-08-01,188,253,-65
Pivotal,2018-09-01,147,225,-78
Pivotal,2018-10-01,185,178,7
Pivotal,2018-11-01,143,134,9
Pivotal,2018-12-01,120,113,7
Pivotal,2019-01-01,155,132,23
Pivotal,2019-02-01,136,102,34
Pivotal,2019-03-01,132,136,-4
Pivotal,2019-04-01,158,131,27
Pivotal,2019-05-01,143,106,37
Pivotal,2019-06-01,126,108,18
Pivotal,2019-07-01,126,141,-15
Pivotal,2019-08-01,116,125,-9
Pivotal,2019-09-01,93,110,-17
Pivotal,2019-10-01,95,131,-36
Pivotal,2019-11-01,110,120,-10
Pivotal,2019-12-01,83,46,37
Pivotal,2020-01-01,93,135,-42
Pivotal,2020-02-01,119,101,18
Pivotal,2020-03-01,165,119,46
Pivotal,2020-04-01,152,137,15
Pivotal,2020-05-01,160,239,-79
Pivotal,2020-06-01,138,127,11
Pivotal,2020-07-01,131,146,-15
Pivotal,2020-08-01,110,102,8
Pivotal,2020-09-01,147,95,52
Pivotal,2020-10-01,178,126,52
Pivotal,2020-11-01,132,86,46
Pivotal,2020-12-01,82,81,1
Pivotal,2021-01-01,81,78,3
Pivotal,2021-02-01,61,57,4
Pivotal,2021-03-01,92,55,37
Pivotal,2021-04-01,202,142,60
Pivotal,2021-05-01,183,143,40
Pivotal,2021-06-01,167,196,-29
Pivotal,2021-07-01,223,276,-53
Pivotal,2021-08-01,114,597,-483
Pivotal,2021-09-01,132,147,-15
Pivotal,2021-10-01,63,46,17
Pivotal,2021-11-01,70,77,-7
Pivotal,2021-12-01,58,65,-7
Pivotal,2022-01-01,60,87,-27
Pivotal,2022-02-01,65,49,16
Pivotal,2022-03-01,59,67,-8
Pivotal,2022-04-01,65,71,-6
Pivotal,2022-05-01,117,83,34
Pivotal,2022-06-01,107,147,-40
Pivotal,2022-07-01,100,105,-5
Pivotal,2022-08-01,100,99,1
Pivotal,2022-09-01,101,81,20
Pivotal,2022-10-01,77,72,5
Pivotal,2022-11-01,111,75,36
Pivotal,2022-12-01,46,54,-8
Pivotal,2023-01-01,81,67,14
Pivotal,2023-02-01,104,94,10
Pivotal,2023-03-01,116,93,23
Pivotal,2023-04-01,65,72,-7
Pivotal,2023-05-01,72,68,4
Pivotal,2023-06-01,72,60,12
Pivotal,2023-07-01,71,88,-17
Pivotal,2023-08-01,67,39,28
Pivotal,2023-09-01,72,97,-25
Pivotal,2023-10-01,85,67,18
Pivotal,2023-11-01,58,85,-27
Pivotal,2023-12-01,59,41,18
Pivotal,2024-01-01,61,82,-21
Pivotal,2024-02-01,83,68,15
Pivotal,2024-03-01,85,71,14
Pivotal,2024-04-01,91,90,1
Pivotal,2024-05-01,83,58,25
Pivotal,2024-06-01,70,90,-20
Pivotal,2024-07-01,71,61,10
Pivotal,2024-08-01,61,50,11
Pivotal,2024-09-01,78,135,-57
Pivotal,2024-10-01,114,123,-9
Pivotal,2024-11-01,9,104,-95
Postman,2015-03-01,2,0,2
Postman,2015-04-01,1,1,0
Postman,2015-06-01,56,35,21
Postman,2015-07-01,130,139,-9
Postman,2015-08-01,96,42,54
Postman,2015-09-01,94,46,48
Postman,2015-10-01,94,76,18
Postman,2015-11-01,61,40,21
Postman,2015-12-01,68,68,0
Postman,2016-01-01,66,47,19
Postman,2016-02-01,105,32,73
Postman,2016-03-01,238,169,69
Postman,2016-04-01,102,101,1
Postman,2016-05-01,84,55,29
Postman,2016-06-01,90,84,6
Postman,2016-07-01,78,86,-8
Postman,2016-08-01,152,123,29
Postman,2016-09-01,117,125,-8
Postman,2016-10-01,110,143,-33
Postman,2016-11-01,107,98,9
Postman,2016-12-01,128,174,-46
Postman,2017-01-01,86,54,32
Postman,2017-02-01,131,54,77
Postman,2017-03-01,137,60,77
Postman,2017-04-01,133,120,13
Postman,2017-05-01,128,99,29
Postman,2017-06-01,166,159,7
Postman,2017-07-01,146,78,68
Postman,2017-08-01,157,113,44
Postman,2017-09-01,131,230,-99
Postman,2017-10-01,156,108,48
Postman,2017-11-01,201,113,88
Postman,2017-12-01,162,226,-64
Postman,2018-01-01,147,61,86
Postman,2018-02-01,144,86,58
Postman,2018-03-01,180,159,21
Postman,2018-04-01,111,52,59
Postman,2018-05-01,129,151,-22
Postman,2018-06-01,136,231,-95
Postman,2018-07-01,210,193,17
Postman,2018-08-01,197,128,69
Postman,2018-09-01,178,84,94
Postman,2018-10-01,193,80,113
Postman,2018-11-01,142,89,53
Postman,2018-12-01,121,132,-11
Postman,2019-01-01,177,99,78
Postman,2019-02-01,159,91,68
Postman,2019-03-01,213,252,-39
Postman,2019-04-01,235,207,28
Postman,2019-05-01,270,273,-3
Postman,2019-06-01,199,198,1
Postman,2019-07-01,268,209,59
Postman,2019-08-01,233,150,83
Postman,2019-09-01,193,185,8
Postman,2019-10-01,175,100,75
Postman,2019-11-01,182,145,37
Postman,2019-12-01,168,140,28
Postman,2020-01-01,147,71,76
Postman,2020-02-01,244,170,74
Postman,2020-03-01,323,340,-17
Postman,2020-04-01,280,197,83
Postman,2020-05-01,229,315,-86
Postman,2020-06-01,203,188,15
Postman,2020-07-01,172,114,58
Postman,2020-08-01,153,188,-35
Postman,2020-09-01,144,182,-38
Postman,2020-10-01,137,66,71
Postman,2020-11-01,131,81,50
Postman,2020-12-01,76,42,34
Postman,2021-01-01,136,67,69
Postman,2021-02-01,193,108,85
Postman,2021-03-01,142,98,44
Postman,2021-04-01,138,129,9
Postman,2021-05-01,117,60,57
Postman,2021-06-01,123,61,62
Postman,2021-07-01,121,70,51
Postman,2021-08-01,100,38,62
Postman,2021-09-01,88,43,45
Postman,2021-10-01,33,17,16
Postman,2021-11-01,81,30,51
Postman,2021-12-01,93,49,44
Postman,2022-01-01,143,133,10
Postman,2022-02-01,142,87,55
Postman,2022-03-01,128,127,1
Postman,2022-04-01,110,119,-9
Postman,2022-05-01,151,126,25
Postman,2022-06-01,110,149,-39
Postman,2022-07-01,101,145,-44
Postman,2022-08-01,141,84,57
Postman,2022-09-01,130,64,66
Postman,2022-10-01,115,68,47
Postman,2022-11-01,111,99,12
Postman,2022-12-01,127,73,54
Postman,2023-01-01,125,119,6
Postman,2023-02-01,147,106,41
Postman,2023-03-01,151,116,35
Postman,2023-04-01,121,99,22
Postman,2023-05-01,107,60,47
Postman,2023-06-01,110,89,21
Postman,2023-07-01,86,49,37
Postman,2023-08-01,120,61,59
Postman,2023-09-01,100,62,38
Postman,2023-10-01,125,79,46
Postman,2023-11-01,123,74,49
Postman,2023-12-01,53,33,20
Postman,2024-01-01,50,31,19
Postman,2024-02-01,75,31,44
Postman,2024-03-01,75,21,54
Postman,2024-04-01,50,34,16
Postman,2024-05-01,98,53,45
Postman,2024-06-01,75,34,41
Postman,2024-07-01,80,41,39
Postman,2024-08-01,77,67,10
Postman,2024-09-01,55,49,6
Postman,2024-10-01,65,22,43
Postman,2024-11-01,14,11,3
Primitiv Hub,2022-06-01,6,5,1
Primitiv Hub,2022-07-01,10,10,0
Primitiv Hub,2022-08-01,2,1,1
Primitiv Hub,2022-09-01,2,0,2
Primitiv Hub,2022-10-01,16,6,10
Primitiv Hub,2022-11-01,5,4,1
Primitiv Hub,2022-12-01,3,5,-2
Primitiv Hub,2023-01-01,1,2,-1
Primitiv Hub,2023-03-01,3,5,-2
Primitiv Hub,2023-04-01,14,12,2
Primitiv Hub,2023-05-01,15,4,11
Primitiv Hub,2023-06-01,7,11,-4
Primitiv Hub,2023-07-01,7,5,2
Primitiv Hub,2023-08-01,4,8,-4
Primitiv Hub,2023-09-01,1,4,-3
Primitiv Hub,2023-10-01,6,5,1
Primitiv Hub,2023-11-01,5,4,1
Primitiv Hub,2023-12-01,2,4,-2
Primitiv Hub,2024-01-01,3,2,1
Primitiv Hub,2024-02-01,2,0,2
Primitiv Hub,2024-03-01,3,5,-2
Primitiv Hub,2024-04-01,3,1,2
Primitiv Hub,2024-05-01,3,5,-2
Primitiv Hub,2024-06-01,3,2,1
Primitiv Hub,2024-08-01,1,1,0
Primitiv Hub,2024-10-01,1,1,0
Puppet Labs,2015-01-01,6,7,-1
Puppet Labs,2015-02-01,7,5,2
Puppet Labs,2015-03-01,4,11,-7
Puppet Labs,2015-04-01,13,9,4
Puppet Labs,2015-05-01,13,13,0
Puppet Labs,2015-06-01,10,13,-3
Puppet Labs,2015-07-01,5,7,-2
Puppet Labs,2015-08-01,11,7,4
Puppet Labs,2015-09-01,9,7,2
Puppet Labs,2015-10-01,8,6,2
Puppet Labs,2015-11-01,13,6,7
Puppet Labs,2015-12-01,20,19,1
Puppet Labs,2016-01-01,17,10,7
Puppet Labs,2016-02-01,9,5,4
Puppet Labs,2016-03-01,9,5,4
Puppet Labs,2016-04-01,15,6,9
Puppet Labs,2016-05-01,12,8,4
Puppet Labs,2016-06-01,7,16,-9
Puppet Labs,2016-07-01,11,7,4
Puppet Labs,2016-08-01,14,8,6
Puppet Labs,2016-09-01,17,12,5
Puppet Labs,2016-10-01,14,4,10
Puppet Labs,2016-11-01,10,7,3
Puppet Labs,2016-12-01,10,10,0
Puppet Labs,2017-01-01,10,5,5
Puppet Labs,2017-02-01,11,1,10
Puppet Labs,2017-03-01,28,12,16
Puppet Labs,2017-04-01,6,2,4
Puppet Labs,2017-05-01,5,15,-10
Puppet Labs,2017-06-01,11,5,6
Puppet Labs,2017-07-01,14,19,-5
Puppet Labs,2017-08-01,18,6,12
Puppet Labs,2017-09-01,14,5,9
Puppet Labs,2017-10-01,56,26,30
Puppet Labs,2017-11-01,31,31,0
Puppet Labs,2017-12-01,29,17,12
Puppet Labs,2018-01-01,31,25,6
Puppet Labs,2018-02-01,41,36,5
Puppet Labs,2018-03-01,33,29,4
Puppet Labs,2018-04-01,27,18,9
Puppet Labs,2018-05-01,34,21,13
Puppet Labs,2018-06-01,24,29,-5
Puppet Labs,2018-07-01,38,46,-8
Puppet Labs,2018-08-01,34,15,19
Puppet Labs,2018-09-01,25,27,-2
Puppet Labs,2018-10-01,31,15,16
Puppet Labs,2018-11-01,36,32,4
Puppet Labs,2018-12-01,20,21,-1
Puppet Labs,2019-01-01,24,17,7
Puppet Labs,2019-02-01,29,26,3
Puppet Labs,2019-03-01,64,38,26
Puppet Labs,2019-04-01,39,16,23
Puppet Labs,2019-05-01,39,21,18
Puppet Labs,2019-06-01,39,30,9
Puppet Labs,2019-07-01,33,28,5
Puppet Labs,2019-08-01,85,43,42
Puppet Labs,2019-09-01,85,34,51
Puppet Labs,2019-10-01,81,86,-5
Puppet Labs,2019-11-01,74,40,34
Puppet Labs,2019-12-01,45,34,11
Puppet Labs,2020-01-01,86,46,40
Puppet Labs,2020-02-01,73,53,20
Puppet Labs,2020-03-01,67,41,26
Puppet Labs,2020-04-01,81,62,19
Puppet Labs,2020-05-01,90,68,22
Puppet Labs,2020-06-01,99,71,28
Puppet Labs,2020-07-01,97,57,40
Puppet Labs,2020-08-01,67,56,11
Puppet Labs,2020-09-01,72,62,10
Puppet Labs,2020-10-01,102,54,48
Puppet Labs,2020-11-01,84,76,8
Puppet Labs,2020-12-01,77,76,1
Puppet Labs,2021-01-01,80,101,-21
Puppet Labs,2021-02-01,82,63,19
Puppet Labs,2021-03-01,134,105,29
Puppet Labs,2021-04-01,107,61,46
Puppet Labs,2021-05-01,59,155,-96
Puppet Labs,2021-06-01,97,77,20
Puppet Labs,2021-07-01,65,76,-11
Puppet Labs,2021-08-01,61,39,22
Puppet Labs,2021-09-01,69,63,6
Puppet Labs,2021-10-01,17,10,7
Puppet Labs,2021-11-01,28,20,8
Puppet Labs,2021-12-01,19,13,6
Puppet Labs,2022-01-01,34,8,26
Puppet Labs,2022-02-01,32,20,12
Puppet Labs,2022-03-01,64,253,-189
Puppet Labs,2022-04-01,46,27,19
Puppet Labs,2022-05-01,39,141,-102
Puppet Labs,2022-06-01,50,30,20
Puppet Labs,2022-07-01,45,33,12
Puppet Labs,2022-08-01,46,158,-112
Puppet Labs,2022-09-01,62,64,-2
Puppet Labs,2022-10-01,58,67,-9
Puppet Labs,2022-11-01,43,41,2
Puppet Labs,2022-12-01,41,35,6
Puppet Labs,2023-01-01,47,44,3
Puppet Labs,2023-02-01,40,25,15
Puppet Labs,2023-03-01,50,24,26
Puppet Labs,2023-04-01,35,26,9
Puppet Labs,2023-05-01,50,31,19
Puppet Labs,2023-06-01,36,33,3
Puppet Labs,2023-07-01,38,50,-12
Puppet Labs,2023-08-01,36,27,9
Puppet Labs,2023-09-01,43,40,3
Puppet Labs,2023-10-01,59,29,30
Puppet Labs,2023-11-01,52,27,25
Puppet Labs,2023-12-01,50,25,25
Puppet Labs,2024-01-01,47,25,22
Puppet Labs,2024-02-01,59,23,36
Puppet Labs,2024-03-01,77,20,57
Puppet Labs,2024-04-01,98,37,61
Puppet Labs,2024-05-01,99,69,30
Puppet Labs,2024-06-01,73,50,23
Puppet Labs,2024-07-01,70,35,35
Puppet Labs,2024-08-01,49,24,25
Puppet Labs,2024-09-01,64,29,35
Puppet Labs,2024-10-01,56,22,34
Puppet Labs,2024-11-01,10,3,7
QingCloud,2015-05-01,1,1,0
QingCloud,2016-03-01,1,1,0
QingCloud,2016-08-01,3,0,3
QingCloud,2016-09-01,1,3,-2
QingCloud,2016-10-01,1,1,0
QingCloud,2016-11-01,2,3,-1
QingCloud,2017-01-01,1,1,0
QingCloud,2017-02-01,1,1,0
QingCloud,2017-03-01,3,2,1
QingCloud,2017-04-01,2,1,1
QingCloud,2017-05-01,2,1,1
QingCloud,2017-06-01,10,9,1
QingCloud,2017-07-01,19,6,13
QingCloud,2017-08-01,13,13,0
QingCloud,2017-09-01,17,6,11
QingCloud,2017-10-01,6,5,1
QingCloud,2017-11-01,13,9,4
QingCloud,2017-12-01,15,9,6
QingCloud,2018-01-01,7,11,-4
QingCloud,2018-02-01,13,6,7
QingCloud,2018-03-01,8,2,6
QingCloud,2018-04-01,5,3,2
QingCloud,2018-05-01,33,11,22
QingCloud,2018-06-01,11,11,0
QingCloud,2018-07-01,7,6,1
QingCloud,2018-08-01,11,5,6
QingCloud,2018-09-01,11,14,-3
QingCloud,2018-10-01,4,11,-7
QingCloud,2018-11-01,21,12,9
QingCloud,2018-12-01,43,26,17
QingCloud,2019-01-01,24,22,2
QingCloud,2019-02-01,21,6,15
QingCloud,2019-03-01,54,51,3
QingCloud,2019-04-01,47,33,14
QingCloud,2019-05-01,49,45,4
QingCloud,2019-06-01,32,29,3
QingCloud,2019-07-01,78,48,30
QingCloud,2019-08-01,141,93,48
QingCloud,2019-09-01,176,85,91
QingCloud,2019-10-01,464,349,115
QingCloud,2019-11-01,366,232,134
QingCloud,2019-12-01,163,74,89
QingCloud,2020-01-01,95,99,-4
QingCloud,2020-02-01,144,148,-4
QingCloud,2020-03-01,57,28,29
QingCloud,2020-04-01,81,42,39
QingCloud,2020-05-01,86,63,23
QingCloud,2020-06-01,201,108,93
QingCloud,2020-07-01,697,632,65
QingCloud,2020-08-01,313,402,-89
QingCloud,2020-09-01,128,274,-146
QingCloud,2020-10-01,98,53,45
QingCloud,2020-11-01,167,102,65
QingCloud,2020-12-01,129,129,0
QingCloud,2021-01-01,150,112,38
QingCloud,2021-02-01,94,82,12
QingCloud,2021-03-01,344,257,87
QingCloud,2021-04-01,244,241,3
QingCloud,2021-05-01,138,89,49
QingCloud,2021-06-01,166,150,16
QingCloud,2021-07-01,161,114,47
QingCloud,2021-08-01,257,117,140
QingCloud,2021-09-01,312,185,127
QingCloud,2021-10-01,84,93,-9
QingCloud,2021-11-01,261,209,52
QingCloud,2021-12-01,306,214,92
QingCloud,2022-01-01,168,110,58
QingCloud,2022-02-01,102,82,20
QingCloud,2022-03-01,233,137,96
QingCloud,2022-04-01,276,176,100
QingCloud,2022-05-01,269,209,60
QingCloud,2022-06-01,257,244,13
QingCloud,2022-07-01,212,122,90
QingCloud,2022-08-01,202,172,30
QingCloud,2022-09-01,163,167,-4
QingCloud,2022-10-01,119,89,30
QingCloud,2022-11-01,116,76,40
QingCloud,2022-12-01,88,104,-16
QingCloud,2023-01-01,101,87,14
QingCloud,2023-02-01,90,36,54
QingCloud,2023-03-01,109,44,65
QingCloud,2023-04-01,68,45,23
QingCloud,2023-05-01,132,73,59
QingCloud,2023-06-01,85,87,-2
QingCloud,2023-07-01,121,115,6
QingCloud,2023-08-01,105,43,62
QingCloud,2023-09-01,76,41,35
QingCloud,2023-10-01,55,128,-73
QingCloud,2023-11-01,71,56,15
QingCloud,2023-12-01,60,14,46
QingCloud,2024-01-01,47,21,26
QingCloud,2024-02-01,45,18,27
QingCloud,2024-03-01,54,22,32
QingCloud,2024-04-01,60,18,42
QingCloud,2024-05-01,45,20,25
QingCloud,2024-06-01,48,19,29
QingCloud,2024-07-01,39,12,27
QingCloud,2024-08-01,35,9,26
QingCloud,2024-09-01,45,29,16
QingCloud,2024-10-01,36,13,23
QingCloud,2024-11-01,13,6,7
Qunar,2018-12-01,13,7,6
Qunar,2019-01-01,13,8,5
Qunar,2019-02-01,9,9,0
Qunar,2019-03-01,20,15,5
Qunar,2019-04-01,16,8,8
Qunar,2019-05-01,7,14,-7
Qunar,2019-06-01,9,6,3
Qunar,2019-07-01,7,2,5
Qunar,2019-08-01,18,17,1
Qunar,2019-09-01,27,16,11
Qunar,2019-10-01,11,7,4
Qunar,2019-11-01,10,6,4
Qunar,2019-12-01,11,3,8
Qunar,2020-01-01,2,1,1
Qunar,2020-02-01,1,0,1
Qunar,2020-03-01,5,2,3
Qunar,2020-04-01,9,10,-1
Qunar,2020-05-01,4,0,4
Qunar,2020-06-01,5,3,2
Qunar,2020-07-01,9,1,8
Qunar,2020-08-01,4,6,-2
Qunar,2020-09-01,6,2,4
Qunar,2020-10-01,2,0,2
Qunar,2020-11-01,4,2,2
Qunar,2020-12-01,3,7,-4
Qunar,2021-01-01,2,2,0
Qunar,2021-02-01,5,1,4
Qunar,2021-03-01,5,0,5
Qunar,2021-04-01,1,1,0
Qunar,2021-05-01,3,2,1
Qunar,2021-06-01,4,3,1
Qunar,2021-07-01,22,1,21
Qunar,2021-08-01,1,1,0
Qunar,2021-09-01,1,0,1
Qunar,2021-10-01,1,0,1
Qunar,2021-11-01,4,2,2
Qunar,2021-12-01,2,0,2
Qunar,2022-01-01,2,0,2
Qunar,2022-02-01,3,1,2
Qunar,2022-03-01,1,0,1
Qunar,2022-04-01,2,0,2
Qunar,2022-05-01,2,1,1
Qunar,2022-06-01,2,1,1
Qunar,2022-08-01,1,0,1
Qunar,2022-09-01,2,1,1
Qunar,2022-10-01,1,0,1
Qunar,2022-12-01,1,0,1
Qunar,2023-02-01,1,0,1
Qunar,2023-05-01,1,0,1
Qunar,2023-06-01,2,0,2
Qunar,2023-07-01,1,0,1
Qunar,2023-10-01,1,0,1
Qunar,2023-11-01,1,1,0
Qunar,2023-12-01,1,0,1
Qunar,2024-06-01,1,0,1
RT-Thread,2015-01-01,1,2,-1
RT-Thread,2015-02-01,2,1,1
RT-Thread,2015-03-01,3,0,3
RT-Thread,2015-04-01,2,3,-1
RT-Thread,2015-05-01,3,7,-4
RT-Thread,2015-06-01,3,1,2
RT-Thread,2015-07-01,1,1,0
RT-Thread,2015-08-01,6,2,4
RT-Thread,2015-09-01,2,6,-4
RT-Thread,2015-10-01,6,5,1
RT-Thread,2015-11-01,2,1,1
RT-Thread,2015-12-01,2,0,2
RT-Thread,2016-01-01,1,0,1
RT-Thread,2016-02-01,2,1,1
RT-Thread,2016-03-01,1,1,0
RT-Thread,2016-04-01,2,2,0
RT-Thread,2016-05-01,3,0,3
RT-Thread,2016-06-01,3,1,2
RT-Thread,2016-07-01,4,5,-1
RT-Thread,2016-09-01,2,2,0
RT-Thread,2016-10-01,2,0,2
RT-Thread,2016-11-01,2,0,2
RT-Thread,2016-12-01,4,0,4
RT-Thread,2017-02-01,2,1,1
RT-Thread,2017-03-01,1,0,1
RT-Thread,2017-04-01,6,5,1
RT-Thread,2017-05-01,3,2,1
RT-Thread,2017-06-01,0,2,-2
RT-Thread,2017-07-01,1,0,1
RT-Thread,2017-08-01,3,3,0
RT-Thread,2017-09-01,6,1,5
RT-Thread,2017-10-01,4,1,3
RT-Thread,2017-11-01,14,10,4
RT-Thread,2017-12-01,10,5,5
RT-Thread,2018-01-01,12,4,8
RT-Thread,2018-02-01,9,3,6
RT-Thread,2018-03-01,13,6,7
RT-Thread,2018-04-01,10,7,3
RT-Thread,2018-05-01,9,9,0
RT-Thread,2018-06-01,19,9,10
RT-Thread,2018-07-01,15,5,10
RT-Thread,2018-08-01,10,6,4
RT-Thread,2018-09-01,11,7,4
RT-Thread,2018-10-01,11,10,1
RT-Thread,2018-11-01,11,3,8
RT-Thread,2018-12-01,11,5,6
RT-Thread,2019-01-01,10,6,4
RT-Thread,2019-02-01,9,6,3
RT-Thread,2019-03-01,9,16,-7
RT-Thread,2019-04-01,13,9,4
RT-Thread,2019-05-01,20,14,6
RT-Thread,2019-06-01,17,11,6
RT-Thread,2019-07-01,17,12,5
RT-Thread,2019-08-01,33,24,9
RT-Thread,2019-09-01,14,8,6
RT-Thread,2019-10-01,15,8,7
RT-Thread,2019-11-01,16,9,7
RT-Thread,2019-12-01,18,10,8
RT-Thread,2020-01-01,21,11,10
RT-Thread,2020-02-01,15,8,7
RT-Thread,2020-03-01,19,10,9
RT-Thread,2020-04-01,20,14,6
RT-Thread,2020-05-01,16,10,6
RT-Thread,2020-06-01,18,12,6
RT-Thread,2020-07-01,16,7,9
RT-Thread,2020-08-01,11,9,2
RT-Thread,2020-09-01,16,0,16
RT-Thread,2020-10-01,12,4,8
RT-Thread,2020-11-01,15,5,10
RT-Thread,2020-12-01,18,23,-5
RT-Thread,2021-01-01,19,20,-1
RT-Thread,2021-02-01,14,87,-73
RT-Thread,2021-03-01,9,18,-9
RT-Thread,2021-04-01,19,26,-7
RT-Thread,2021-05-01,14,22,-8
RT-Thread,2021-06-01,18,20,-2
RT-Thread,2021-07-01,11,10,1
RT-Thread,2021-08-01,8,4,4
RT-Thread,2021-09-01,17,11,6
RT-Thread,2021-10-01,5,12,-7
RT-Thread,2021-11-01,8,8,0
RT-Thread,2021-12-01,21,17,4
RT-Thread,2022-01-01,10,54,-44
RT-Thread,2022-02-01,8,9,-1
RT-Thread,2022-03-01,29,27,2
RT-Thread,2022-04-01,31,18,13
RT-Thread,2022-05-01,32,10,22
RT-Thread,2022-06-01,28,37,-9
RT-Thread,2022-07-01,15,12,3
RT-Thread,2022-08-01,31,57,-26
RT-Thread,2022-09-01,17,12,5
RT-Thread,2022-10-01,15,8,7
RT-Thread,2022-11-01,18,8,10
RT-Thread,2022-12-01,22,17,5
RT-Thread,2023-01-01,15,6,9
RT-Thread,2023-02-01,16,16,0
RT-Thread,2023-03-01,23,33,-10
RT-Thread,2023-04-01,32,20,12
RT-Thread,2023-05-01,35,22,13
RT-Thread,2023-06-01,33,22,11
RT-Thread,2023-07-01,27,25,2
RT-Thread,2023-08-01,25,11,14
RT-Thread,2023-09-01,16,15,1
RT-Thread,2023-10-01,20,14,6
RT-Thread,2023-11-01,28,13,15
RT-Thread,2023-12-01,20,11,9
RT-Thread,2024-01-01,17,9,8
RT-Thread,2024-02-01,9,5,4
RT-Thread,2024-03-01,11,20,-9
RT-Thread,2024-04-01,20,23,-3
RT-Thread,2024-05-01,32,11,21
RT-Thread,2024-06-01,19,12,7
RT-Thread,2024-07-01,38,30,8
RT-Thread,2024-08-01,18,14,4
RT-Thread,2024-09-01,27,13,14
RT-Thread,2024-10-01,12,4,8
RT-Thread,2024-11-01,6,2,4
RaRe Technologies,2016-05-01,1,1,0
RaRe Technologies,2016-10-01,1,0,1
RaRe Technologies,2016-12-01,1,0,1
RaRe Technologies,2017-09-01,2,2,0
RaRe Technologies,2018-01-01,1,0,1
RaRe Technologies,2018-04-01,1,1,0
RaRe Technologies,2018-11-01,1,0,1
RaRe Technologies,2018-12-01,2,0,2
RaRe Technologies,2019-01-01,1,0,1
RaRe Technologies,2019-03-01,1,1,0
RaRe Technologies,2021-06-01,0,1,-1
RaRe Technologies,2021-11-01,1,1,0
RaRe Technologies,2022-02-01,0,1,-1
Rapid7,2015-01-01,82,58,24
Rapid7,2015-02-01,67,58,9
Rapid7,2015-03-01,64,37,27
Rapid7,2015-04-01,90,68,22
Rapid7,2015-05-01,56,67,-11
Rapid7,2015-06-01,58,53,5
Rapid7,2015-07-01,62,68,-6
Rapid7,2015-08-01,57,43,14
Rapid7,2015-09-01,46,35,11
Rapid7,2015-10-01,67,54,13
Rapid7,2015-11-01,49,36,13
Rapid7,2015-12-01,60,37,23
Rapid7,2016-01-01,55,34,21
Rapid7,2016-02-01,50,31,19
Rapid7,2016-03-01,101,69,32
Rapid7,2016-04-01,100,58,42
Rapid7,2016-05-01,69,54,15
Rapid7,2016-06-01,61,40,21
Rapid7,2016-07-01,75,42,33
Rapid7,2016-08-01,54,76,-22
Rapid7,2016-09-01,80,62,18
Rapid7,2016-10-01,96,76,20
Rapid7,2016-11-01,110,98,12
Rapid7,2016-12-01,89,64,25
Rapid7,2017-01-01,65,67,-2
Rapid7,2017-02-01,72,69,3
Rapid7,2017-03-01,116,102,14
Rapid7,2017-04-01,85,76,9
Rapid7,2017-05-01,99,74,25
Rapid7,2017-06-01,83,62,21
Rapid7,2017-07-01,101,60,41
Rapid7,2017-08-01,76,112,-36
Rapid7,2017-09-01,75,73,2
Rapid7,2017-10-01,95,79,16
Rapid7,2017-11-01,81,57,24
Rapid7,2017-12-01,59,33,26
Rapid7,2018-01-01,80,51,29
Rapid7,2018-02-01,107,74,33
Rapid7,2018-03-01,107,78,29
Rapid7,2018-04-01,98,80,18
Rapid7,2018-05-01,89,59,30
Rapid7,2018-06-01,78,77,1
Rapid7,2018-07-01,92,82,10
Rapid7,2018-08-01,55,56,-1
Rapid7,2018-09-01,73,50,23
Rapid7,2018-10-01,68,53,15
Rapid7,2018-11-01,76,48,28
Rapid7,2018-12-01,49,45,4
Rapid7,2019-01-01,66,41,25
Rapid7,2019-02-01,100,116,-16
Rapid7,2019-03-01,102,72,30
Rapid7,2019-04-01,70,51,19
Rapid7,2019-05-01,58,34,24
Rapid7,2019-06-01,59,55,4
Rapid7,2019-07-01,70,43,27
Rapid7,2019-08-01,67,42,25
Rapid7,2019-09-01,81,71,10
Rapid7,2019-10-01,73,59,14
Rapid7,2019-11-01,116,49,67
Rapid7,2019-12-01,78,49,29
Rapid7,2020-01-01,91,39,52
Rapid7,2020-02-01,55,151,-96
Rapid7,2020-03-01,141,95,46
Rapid7,2020-04-01,162,136,26
Rapid7,2020-05-01,100,79,21
Rapid7,2020-06-01,167,143,24
Rapid7,2020-07-01,83,62,21
Rapid7,2020-08-01,76,62,14
Rapid7,2020-09-01,88,74,14
Rapid7,2020-10-01,52,117,-65
Rapid7,2020-11-01,63,141,-78
Rapid7,2020-12-01,64,86,-22
Rapid7,2021-01-01,61,136,-75
Rapid7,2021-02-01,81,137,-56
Rapid7,2021-03-01,82,76,6
Rapid7,2021-04-01,75,64,11
Rapid7,2021-05-01,83,165,-82
Rapid7,2021-06-01,57,35,22
Rapid7,2021-07-01,73,73,0
Rapid7,2021-08-01,55,59,-4
Rapid7,2021-09-01,54,47,7
Rapid7,2021-10-01,10,13,-3
Rapid7,2021-11-01,69,51,18
Rapid7,2021-12-01,49,50,-1
Rapid7,2022-01-01,57,78,-21
Rapid7,2022-02-01,57,36,21
Rapid7,2022-03-01,75,72,3
Rapid7,2022-04-01,57,50,7
Rapid7,2022-05-01,71,43,28
Rapid7,2022-06-01,38,34,4
Rapid7,2022-07-01,40,38,2
Rapid7,2022-08-01,42,32,10
Rapid7,2022-09-01,40,42,-2
Rapid7,2022-10-01,51,39,12
Rapid7,2022-11-01,43,50,-7
Rapid7,2022-12-01,26,26,0
Rapid7,2023-01-01,42,46,-4
Rapid7,2023-02-01,67,42,25
Rapid7,2023-03-01,52,61,-9
Rapid7,2023-04-01,56,120,-64
Rapid7,2023-05-01,41,38,3
Rapid7,2023-06-01,38,35,3
Rapid7,2023-07-01,42,29,13
Rapid7,2023-08-01,41,69,-28
Rapid7,2023-09-01,24,29,-5
Rapid7,2023-10-01,30,44,-14
Rapid7,2023-11-01,41,34,7
Rapid7,2023-12-01,22,17,5
Rapid7,2024-01-01,56,48,8
Rapid7,2024-02-01,36,26,10
Rapid7,2024-03-01,66,49,17
Rapid7,2024-04-01,36,43,-7
Rapid7,2024-05-01,27,24,3
Rapid7,2024-06-01,22,37,-15
Rapid7,2024-07-01,28,26,2
Rapid7,2024-08-01,15,15,0
Rapid7,2024-09-01,24,37,-13
Rapid7,2024-10-01,32,27,5
Rapid7,2024-11-01,9,7,2
RedHat,2018-03-01,41,30,11
RedHat,2018-04-01,9,7,2
RedHat,2018-05-01,4,3,1
RedHat,2018-06-01,0,1,-1
RedHat,2018-08-01,12,0,12
RedHat,2018-09-01,4,1,3
RedHat,2018-10-01,2,0,2
RedHat,2018-11-01,6,1,5
RedHat,2018-12-01,3,4,-1
RedHat,2019-02-01,6,1,5
RedHat,2019-03-01,2,1,1
RedHat,2019-04-01,3,2,1
RedHat,2019-05-01,8,0,8
RedHat,2019-06-01,4,2,2
RedHat,2019-07-01,4,5,-1
RedHat,2019-08-01,4,2,2
RedHat,2019-09-01,12,8,4
RedHat,2019-10-01,7,4,3
RedHat,2019-11-01,5,1,4
RedHat,2019-12-01,17,7,10
RedHat,2020-01-01,4,27,-23
RedHat,2020-02-01,4,1,3
RedHat,2020-03-01,4,2,2
RedHat,2020-04-01,16,18,-2
RedHat,2020-05-01,10,44,-34
RedHat,2020-06-01,8,4,4
RedHat,2020-07-01,12,7,5
RedHat,2020-08-01,3,0,3
RedHat,2020-09-01,7,4,3
RedHat,2020-10-01,4,7,-3
RedHat,2020-11-01,2,2,0
RedHat,2021-01-01,2,1,1
RedHat,2021-02-01,4,4,0
RedHat,2021-03-01,3,4,-1
RedHat,2021-04-01,13,3,10
RedHat,2021-05-01,1,0,1
RedHat,2021-06-01,1,1,0
RedHat,2021-07-01,1,1,0
RedHat,2021-08-01,4,4,0
RedHat,2021-09-01,5,3,2
RedHat,2021-10-01,0,1,-1
RedHat,2021-11-01,1,0,1
RedHat,2021-12-01,4,1,3
RedHat,2022-01-01,2,0,2
RedHat,2022-02-01,1,0,1
RedHat,2022-03-01,2,1,1
RedHat,2022-04-01,3,1,2
RedHat,2022-06-01,3,3,0
RedHat,2022-07-01,1,1,0
RedHat,2022-08-01,3,2,1
RedHat,2022-09-01,5,0,5
RedHat,2022-10-01,2,1,1
RedHat,2022-11-01,5,1,4
RedHat,2022-12-01,3,0,3
RedHat,2023-01-01,4,5,-1
RedHat,2023-02-01,1,1,0
RedHat,2023-03-01,1,1,0
RedHat,2023-04-01,3,4,-1
RedHat,2023-05-01,2,1,1
RedHat,2023-06-01,0,3,-3
RedHat,2023-07-01,1,5,-4
RedHat,2023-08-01,4,1,3
RedHat,2023-09-01,1,2,-1
RedHat,2023-11-01,4,0,4
RedHat,2023-12-01,0,1,-1
RedHat,2024-01-01,3,2,1
RedHat,2024-02-01,0,6,-6
RedHat,2024-03-01,2,0,2
RedHat,2024-04-01,1,1,0
RedHat,2024-05-01,4,1,3
RedHat,2024-06-01,4,3,1
RedHat,2024-07-01,4,2,2
RedHat,2024-08-01,1,0,1
RedHat,2024-09-01,2,0,2
RedHat,2024-10-01,2,0,2
RedHat,2024-11-01,1,0,1
Redis Labs,2015-01-01,17,31,-14
Redis Labs,2015-02-01,14,15,-1
Redis Labs,2015-03-01,5,2,3
Redis Labs,2015-04-01,10,12,-2
Redis Labs,2015-05-01,12,4,8
Redis Labs,2015-06-01,20,10,10
Redis Labs,2015-07-01,9,11,-2
Redis Labs,2015-08-01,9,9,0
Redis Labs,2015-09-01,20,10,10
Redis Labs,2015-10-01,12,4,8
Redis Labs,2015-11-01,14,11,3
Redis Labs,2015-12-01,8,7,1
Redis Labs,2016-01-01,13,8,5
Redis Labs,2016-02-01,10,6,4
Redis Labs,2016-03-01,10,24,-14
Redis Labs,2016-04-01,14,13,1
Redis Labs,2016-05-01,9,7,2
Redis Labs,2016-06-01,9,6,3
Redis Labs,2016-07-01,8,5,3
Redis Labs,2016-08-01,8,3,5
Redis Labs,2016-09-01,15,5,10
Redis Labs,2016-10-01,17,7,10
Redis Labs,2016-11-01,14,22,-8
Redis Labs,2016-12-01,12,7,5
Redis Labs,2017-01-01,17,13,4
Redis Labs,2017-02-01,5,3,2
Redis Labs,2017-03-01,8,7,1
Redis Labs,2017-04-01,10,18,-8
Redis Labs,2017-05-01,9,8,1
Redis Labs,2017-06-01,10,8,2
Redis Labs,2017-07-01,6,6,0
Redis Labs,2017-08-01,4,7,-3
Redis Labs,2017-09-01,13,7,6
Redis Labs,2017-10-01,9,5,4
Redis Labs,2017-11-01,3,2,1
Redis Labs,2017-12-01,7,3,4
Redis Labs,2018-01-01,6,11,-5
Redis Labs,2018-02-01,7,2,5
Redis Labs,2018-03-01,4,1,3
Redis Labs,2018-04-01,8,6,2
Redis Labs,2018-05-01,9,21,-12
Redis Labs,2018-06-01,2,1,1
Redis Labs,2018-07-01,6,6,0
Redis Labs,2018-08-01,11,10,1
Redis Labs,2018-09-01,9,3,6
Redis Labs,2018-10-01,6,5,1
Redis Labs,2018-11-01,10,7,3
Redis Labs,2018-12-01,10,11,-1
Redis Labs,2019-01-01,8,3,5
Redis Labs,2019-02-01,8,7,1
Redis Labs,2019-03-01,11,3,8
Redis Labs,2019-04-01,11,5,6
Redis Labs,2019-05-01,14,27,-13
Redis Labs,2019-06-01,11,5,6
Redis Labs,2019-07-01,13,5,8
Redis Labs,2019-08-01,10,9,1
Redis Labs,2019-09-01,8,5,3
Redis Labs,2019-10-01,9,6,3
Redis Labs,2019-11-01,8,34,-26
Redis Labs,2019-12-01,8,7,1
Redis Labs,2020-01-01,9,6,3
Redis Labs,2020-02-01,7,8,-1
Redis Labs,2020-03-01,5,5,0
Redis Labs,2020-04-01,12,20,-8
Redis Labs,2020-05-01,22,42,-20
Redis Labs,2020-06-01,16,9,7
Redis Labs,2020-07-01,58,89,-31
Redis Labs,2020-08-01,75,194,-119
Redis Labs,2020-09-01,76,86,-10
Redis Labs,2020-10-01,57,57,0
Redis Labs,2020-11-01,65,86,-21
Redis Labs,2020-12-01,85,95,-10
Redis Labs,2021-01-01,69,75,-6
Redis Labs,2021-02-01,78,58,20
Redis Labs,2021-03-01,80,111,-31
Redis Labs,2021-04-01,70,86,-16
Redis Labs,2021-05-01,54,59,-5
Redis Labs,2021-06-01,79,123,-44
Redis Labs,2021-07-01,68,59,9
Redis Labs,2021-08-01,65,87,-22
Redis Labs,2021-09-01,72,63,9
Redis Labs,2021-10-01,32,33,-1
Redis Labs,2021-11-01,144,146,-2
Redis Labs,2021-12-01,194,153,41
Redis Labs,2022-01-01,199,164,35
Redis Labs,2022-02-01,251,136,115
Redis Labs,2022-03-01,170,175,-5
Redis Labs,2022-04-01,224,151,73
Redis Labs,2022-05-01,168,137,31
Redis Labs,2022-06-01,126,108,18
Redis Labs,2022-07-01,209,127,82
Redis Labs,2022-08-01,198,186,12
Redis Labs,2022-09-01,172,150,22
Redis Labs,2022-10-01,126,104,22
Redis Labs,2022-11-01,154,143,11
Redis Labs,2022-12-01,154,140,14
Redis Labs,2023-01-01,179,140,39
Redis Labs,2023-02-01,156,140,16
Redis Labs,2023-03-01,183,132,51
Redis Labs,2023-04-01,209,127,82
Redis Labs,2023-05-01,167,158,9
Redis Labs,2023-06-01,152,99,53
Redis Labs,2023-07-01,158,118,40
Redis Labs,2023-08-01,169,126,43
Redis Labs,2023-09-01,159,101,58
Redis Labs,2023-10-01,161,75,86
Redis Labs,2023-11-01,146,120,26
Redis Labs,2023-12-01,114,208,-94
Redis Labs,2024-01-01,133,120,13
Redis Labs,2024-02-01,137,121,16
Redis Labs,2024-03-01,123,151,-28
Redis Labs,2024-04-01,147,121,26
Redis Labs,2024-05-01,139,153,-14
Redis Labs,2024-06-01,143,98,45
Redis Labs,2024-07-01,121,118,3
Redis Labs,2024-08-01,119,90,29
Redis Labs,2024-09-01,106,64,42
Redis Labs,2024-10-01,140,124,16
Redis Labs,2024-11-01,16,12,4
Salesforce,2015-01-01,11,4,7
Salesforce,2015-02-01,8,1,7
Salesforce,2015-03-01,9,1,8
Salesforce,2015-04-01,7,3,4
Salesforce,2015-05-01,4,3,1
Salesforce,2015-06-01,7,7,0
Salesforce,2015-07-01,10,9,1
Salesforce,2015-08-01,4,0,4
Salesforce,2015-09-01,34,7,27
Salesforce,2015-10-01,11,9,2
Salesforce,2015-11-01,55,19,36
Salesforce,2015-12-01,26,23,3
Salesforce,2016-01-01,29,32,-3
Salesforce,2016-02-01,40,14,26
Salesforce,2016-03-01,60,49,11
Salesforce,2016-04-01,100,135,-35
Salesforce,2016-05-01,108,101,7
Salesforce,2016-06-01,98,46,52
Salesforce,2016-07-01,106,102,4
Salesforce,2016-08-01,82,59,23
Salesforce,2016-09-01,103,69,34
Salesforce,2016-10-01,63,70,-7
Salesforce,2016-11-01,43,48,-5
Salesforce,2016-12-01,45,43,2
Salesforce,2017-01-01,58,71,-13
Salesforce,2017-02-01,65,38,27
Salesforce,2017-03-01,78,47,31
Salesforce,2017-04-01,36,38,-2
Salesforce,2017-05-01,51,34,17
Salesforce,2017-06-01,45,36,9
Salesforce,2017-07-01,36,20,16
Salesforce,2017-08-01,28,12,16
Salesforce,2017-09-01,40,25,15
Salesforce,2017-10-01,88,136,-48
Salesforce,2017-11-01,78,67,11
Salesforce,2017-12-01,30,58,-28
Salesforce,2018-01-01,54,26,28
Salesforce,2018-02-01,65,40,25
Salesforce,2018-03-01,82,58,24
Salesforce,2018-04-01,81,87,-6
Salesforce,2018-05-01,95,82,13
Salesforce,2018-06-01,73,58,15
Salesforce,2018-07-01,75,64,11
Salesforce,2018-08-01,99,96,3
Salesforce,2018-09-01,117,86,31
Salesforce,2018-10-01,103,75,28
Salesforce,2018-11-01,54,33,21
Salesforce,2018-12-01,66,40,26
Salesforce,2019-01-01,63,53,10
Salesforce,2019-02-01,77,60,17
Salesforce,2019-03-01,110,80,30
Salesforce,2019-04-01,106,78,28
Salesforce,2019-05-01,98,65,33
Salesforce,2019-06-01,153,94,59
Salesforce,2019-07-01,136,94,42
Salesforce,2019-08-01,126,91,35
Salesforce,2019-09-01,99,125,-26
Salesforce,2019-10-01,166,100,66
Salesforce,2019-11-01,107,83,24
Salesforce,2019-12-01,99,72,27
Salesforce,2020-01-01,95,71,24
Salesforce,2020-02-01,74,57,17
Salesforce,2020-03-01,89,56,33
Salesforce,2020-04-01,100,87,13
Salesforce,2020-05-01,108,67,41
Salesforce,2020-06-01,77,59,18
Salesforce,2020-07-01,71,54,17
Salesforce,2020-08-01,69,58,11
Salesforce,2020-09-01,95,66,29
Salesforce,2020-10-01,100,61,39
Salesforce,2020-11-01,87,49,38
Salesforce,2020-12-01,60,87,-27
Salesforce,2021-01-01,72,68,4
Salesforce,2021-02-01,88,59,29
Salesforce,2021-03-01,82,48,34
Salesforce,2021-04-01,90,88,2
Salesforce,2021-05-01,69,47,22
Salesforce,2021-06-01,100,63,37
Salesforce,2021-07-01,106,52,54
Salesforce,2021-08-01,71,45,26
Salesforce,2021-09-01,73,49,24
Salesforce,2021-10-01,38,27,11
Salesforce,2021-11-01,82,49,33
Salesforce,2021-12-01,92,61,31
Salesforce,2022-01-01,82,91,-9
Salesforce,2022-02-01,99,87,12
Salesforce,2022-03-01,110,84,26
Salesforce,2022-04-01,106,52,54
Salesforce,2022-05-01,86,67,19
Salesforce,2022-06-01,104,52,52
Salesforce,2022-07-01,94,53,41
Salesforce,2022-08-01,123,235,-112
Salesforce,2022-09-01,103,68,35
Salesforce,2022-10-01,116,67,49
Salesforce,2022-11-01,110,53,57
Salesforce,2022-12-01,113,66,47
Salesforce,2023-01-01,110,101,9
Salesforce,2023-02-01,166,88,78
Salesforce,2023-03-01,134,99,35
Salesforce,2023-04-01,126,56,70
Salesforce,2023-05-01,161,128,33
Salesforce,2023-06-01,156,57,99
Salesforce,2023-07-01,167,103,64
Salesforce,2023-08-01,127,98,29
Salesforce,2023-09-01,114,75,39
Salesforce,2023-10-01,112,79,33
Salesforce,2023-11-01,88,37,51
Salesforce,2023-12-01,70,27,43
Salesforce,2024-01-01,98,52,46
Salesforce,2024-02-01,87,64,23
Salesforce,2024-03-01,102,149,-47
Salesforce,2024-04-01,82,43,39
Salesforce,2024-05-01,73,37,36
Salesforce,2024-06-01,58,34,24
Salesforce,2024-07-01,53,27,26
Salesforce,2024-08-01,56,26,30
Salesforce,2024-09-01,56,47,9
Salesforce,2024-10-01,74,37,37
Salesforce,2024-11-01,17,7,10
Samsung,2015-01-01,7,8,-1
Samsung,2015-02-01,7,1,6
Samsung,2015-03-01,2,3,-1
Samsung,2015-04-01,24,11,13
Samsung,2015-05-01,39,8,31
Samsung,2015-06-01,24,19,5
Samsung,2015-07-01,28,14,14
Samsung,2015-08-01,67,36,31
Samsung,2015-09-01,52,32,20
Samsung,2015-10-01,43,19,24
Samsung,2015-11-01,19,18,1
Samsung,2015-12-01,16,13,3
Samsung,2016-01-01,20,15,5
Samsung,2016-02-01,26,12,14
Samsung,2016-03-01,21,21,0
Samsung,2016-04-01,29,21,8
Samsung,2016-05-01,27,45,-18
Samsung,2016-06-01,32,25,7
Samsung,2016-07-01,46,37,9
Samsung,2016-08-01,30,26,4
Samsung,2016-09-01,25,26,-1
Samsung,2016-10-01,13,12,1
Samsung,2016-11-01,33,16,17
Samsung,2016-12-01,17,10,7
Samsung,2017-01-01,15,17,-2
Samsung,2017-02-01,28,22,6
Samsung,2017-03-01,30,28,2
Samsung,2017-04-01,20,17,3
Samsung,2017-05-01,40,27,13
Samsung,2017-06-01,34,14,20
Samsung,2017-07-01,37,22,15
Samsung,2017-08-01,54,42,12
Samsung,2017-09-01,29,27,2
Samsung,2017-10-01,42,19,23
Samsung,2017-11-01,27,24,3
Samsung,2017-12-01,13,10,3
Samsung,2018-01-01,34,10,24
Samsung,2018-02-01,23,23,0
Samsung,2018-03-01,26,35,-9
Samsung,2018-04-01,27,16,11
Samsung,2018-05-01,27,23,4
Samsung,2018-06-01,21,12,9
Samsung,2018-07-01,22,19,3
Samsung,2018-08-01,33,21,12
Samsung,2018-09-01,27,24,3
Samsung,2018-10-01,27,18,9
Samsung,2018-11-01,20,12,8
Samsung,2018-12-01,17,30,-13
Samsung,2019-01-01,234,141,93
Samsung,2019-02-01,34,18,16
Samsung,2019-03-01,45,32,13
Samsung,2019-04-01,56,49,7
Samsung,2019-05-01,78,50,28
Samsung,2019-06-01,59,47,12
Samsung,2019-07-01,195,137,58
Samsung,2019-08-01,96,89,7
Samsung,2019-09-01,103,79,24
Samsung,2019-10-01,50,49,1
Samsung,2019-11-01,46,41,5
Samsung,2019-12-01,32,24,8
Samsung,2020-01-01,27,28,-1
Samsung,2020-02-01,52,27,25
Samsung,2020-03-01,143,79,64
Samsung,2020-04-01,106,71,35
Samsung,2020-05-01,215,186,29
Samsung,2020-06-01,513,494,19
Samsung,2020-07-01,336,319,17
Samsung,2020-08-01,134,118,16
Samsung,2020-09-01,151,136,15
Samsung,2020-10-01,153,127,26
Samsung,2020-11-01,127,102,25
Samsung,2020-12-01,106,93,13
Samsung,2021-01-01,74,66,8
Samsung,2021-02-01,64,56,8
Samsung,2021-03-01,84,75,9
Samsung,2021-04-01,62,61,1
Samsung,2021-05-01,72,52,20
Samsung,2021-06-01,64,46,18
Samsung,2021-07-01,82,51,31
Samsung,2021-08-01,74,55,19
Samsung,2021-09-01,83,62,21
Samsung,2021-10-01,14,11,3
Samsung,2021-11-01,48,35,13
Samsung,2021-12-01,63,67,-4
Samsung,2022-01-01,35,27,8
Samsung,2022-02-01,48,35,13
Samsung,2022-03-01,109,68,41
Samsung,2022-04-01,109,87,22
Samsung,2022-05-01,99,76,23
Samsung,2022-06-01,70,67,3
Samsung,2022-07-01,54,41,13
Samsung,2022-08-01,78,58,20
Samsung,2022-09-01,93,66,27
Samsung,2022-10-01,52,40,12
Samsung,2022-11-01,55,53,2
Samsung,2022-12-01,37,37,0
Samsung,2023-01-01,48,39,9
Samsung,2023-02-01,40,31,9
Samsung,2023-03-01,31,27,4
Samsung,2023-04-01,46,55,-9
Samsung,2023-05-01,61,37,24
Samsung,2023-06-01,64,50,14
Samsung,2023-07-01,57,48,9
Samsung,2023-08-01,61,49,12
Samsung,2023-09-01,70,50,20
Samsung,2023-10-01,64,53,11
Samsung,2023-11-01,92,63,29
Samsung,2023-12-01,54,49,5
Samsung,2024-01-01,72,47,25
Samsung,2024-02-01,50,40,10
Samsung,2024-03-01,26,35,-9
Samsung,2024-04-01,39,20,19
Samsung,2024-05-01,35,31,4
Samsung,2024-06-01,39,30,9
Samsung,2024-07-01,37,37,0
Samsung,2024-08-01,75,40,35
Samsung,2024-09-01,69,52,17
Samsung,2024-10-01,18,27,-9
Samsung,2024-11-01,8,7,1
Segment,2015-01-01,24,16,8
Segment,2015-02-01,53,48,5
Segment,2015-03-01,50,39,11
Segment,2015-04-01,36,28,8
Segment,2015-05-01,36,24,12
Segment,2015-06-01,48,61,-13
Segment,2015-07-01,31,26,5
Segment,2015-08-01,17,16,1
Segment,2015-09-01,31,15,16
Segment,2015-10-01,22,19,3
Segment,2015-11-01,26,21,5
Segment,2015-12-01,23,30,-7
Segment,2016-01-01,25,17,8
Segment,2016-02-01,23,20,3
Segment,2016-03-01,24,8,16
Segment,2016-04-01,45,41,4
Segment,2016-05-01,32,145,-113
Segment,2016-06-01,43,61,-18
Segment,2016-07-01,40,22,18
Segment,2016-08-01,20,7,13
Segment,2016-09-01,15,8,7
Segment,2016-10-01,24,8,16
Segment,2016-11-01,25,5,20
Segment,2016-12-01,15,15,0
Segment,2017-01-01,23,15,8
Segment,2017-02-01,32,19,13
Segment,2017-03-01,22,21,1
Segment,2017-04-01,29,17,12
Segment,2017-05-01,35,23,12
Segment,2017-06-01,20,12,8
Segment,2017-07-01,31,26,5
Segment,2017-08-01,36,17,19
Segment,2017-09-01,25,16,9
Segment,2017-10-01,28,32,-4
Segment,2017-11-01,41,48,-7
Segment,2017-12-01,29,30,-1
Segment,2018-01-01,44,29,15
Segment,2018-02-01,35,34,1
Segment,2018-03-01,38,23,15
Segment,2018-04-01,37,14,23
Segment,2018-05-01,43,29,14
Segment,2018-06-01,34,18,16
Segment,2018-07-01,64,47,17
Segment,2018-08-01,54,39,15
Segment,2018-09-01,49,24,25
Segment,2018-10-01,62,45,17
Segment,2018-11-01,57,37,20
Segment,2018-12-01,26,16,10
Segment,2019-01-01,29,13,16
Segment,2019-02-01,50,27,23
Segment,2019-03-01,75,69,6
Segment,2019-04-01,46,29,17
Segment,2019-05-01,50,59,-9
Segment,2019-06-01,42,31,11
Segment,2019-07-01,50,32,18
Segment,2019-08-01,63,26,37
Segment,2019-09-01,52,28,24
Segment,2019-10-01,59,54,5
Segment,2019-11-01,68,30,38
Segment,2019-12-01,108,38,70
Segment,2020-01-01,45,50,-5
Segment,2020-02-01,41,23,18
Segment,2020-03-01,58,31,27
Segment,2020-04-01,63,57,6
Segment,2020-05-01,49,25,24
Segment,2020-06-01,45,66,-21
Segment,2020-07-01,41,40,1
Segment,2020-08-01,58,39,19
Segment,2020-09-01,62,73,-11
Segment,2020-10-01,74,32,42
Segment,2020-11-01,50,50,0
Segment,2020-12-01,42,39,3
Segment,2021-01-01,44,25,19
Segment,2021-02-01,45,89,-44
Segment,2021-03-01,52,60,-8
Segment,2021-04-01,55,54,1
Segment,2021-05-01,70,64,6
Segment,2021-06-01,51,46,5
Segment,2021-07-01,48,85,-37
Segment,2021-08-01,46,44,2
Segment,2021-09-01,57,68,-11
Segment,2021-10-01,35,36,-1
Segment,2021-11-01,72,91,-19
Segment,2021-12-01,58,41,17
Segment,2022-01-01,76,62,14
Segment,2022-02-01,76,69,7
Segment,2022-03-01,86,50,36
Segment,2022-04-01,101,85,16
Segment,2022-05-01,97,70,27
Segment,2022-06-01,112,106,6
Segment,2022-07-01,109,81,28
Segment,2022-08-01,119,95,24
Segment,2022-09-01,110,112,-2
Segment,2022-10-01,99,85,14
Segment,2022-11-01,104,89,15
Segment,2022-12-01,65,38,27
Segment,2023-01-01,64,59,5
Segment,2023-02-01,64,59,5
Segment,2023-03-01,85,63,22
Segment,2023-04-01,48,38,10
Segment,2023-05-01,68,67,1
Segment,2023-06-01,57,49,8
Segment,2023-07-01,49,45,4
Segment,2023-08-01,58,57,1
Segment,2023-09-01,38,23,15
Segment,2023-10-01,60,41,19
Segment,2023-11-01,59,35,24
Segment,2023-12-01,28,13,15
Segment,2024-01-01,34,29,5
Segment,2024-02-01,35,33,2
Segment,2024-03-01,41,38,3
Segment,2024-04-01,43,31,12
Segment,2024-05-01,50,22,28
Segment,2024-06-01,33,30,3
Segment,2024-07-01,20,24,-4
Segment,2024-08-01,35,19,16
Segment,2024-09-01,29,23,6
Segment,2024-10-01,28,22,6
Segment,2024-11-01,7,2,5
Segment Fault,2022-09-01,1,0,1
Segment Fault,2023-10-01,1,0,1
Segment Fault,2023-11-01,0,1,-1
Segment Fault,2023-12-01,2,1,1
SequoiaDB,2014-12-01,0,2,-2
SequoiaDB,2016-03-01,1,0,1
SequoiaDB,2016-04-01,2,1,1
SequoiaDB,2017-11-01,1,0,1
SequoiaDB,2018-08-01,18,17,1
SequoiaDB,2018-09-01,20,19,1
SequoiaDB,2018-10-01,2,3,-1
SequoiaDB,2018-11-01,3,2,1
SequoiaDB,2018-12-01,9,4,5
SequoiaDB,2019-01-01,5,2,3
SequoiaDB,2019-02-01,6,0,6
SequoiaDB,2019-03-01,27,2,25
SequoiaDB,2019-04-01,29,4,25
SequoiaDB,2019-07-01,2,0,2
SequoiaDB,2019-10-01,1,0,1
SequoiaDB,2019-12-01,4,1,3
SequoiaDB,2020-04-01,5,1,4
SequoiaDB,2020-05-01,1,0,1
SequoiaDB,2020-08-01,1,0,1
SequoiaDB,2020-10-01,1,1,0
SequoiaDB,2021-02-01,1,0,1
SequoiaDB,2021-05-01,1,0,1
SequoiaDB,2021-07-01,1,0,1
SequoiaDB,2021-08-01,1,0,1
SequoiaDB,2022-03-01,1,0,1
SequoiaDB,2022-06-01,1,0,1
Shendu Fuzhi,2020-03-01,1,0,1
Shendu Fuzhi,2020-05-01,29,17,12
Shendu Fuzhi,2020-07-01,4,0,4
Shendu Fuzhi,2020-10-01,2,2,0
Shendu Fuzhi,2020-12-01,1,0,1
Shendu Fuzhi,2021-09-01,1,0,1
Shendu Fuzhi,2022-05-01,1,0,1
Shendu Fuzhi,2022-08-01,1,0,1
Shendu Fuzhi,2022-12-01,1,0,1
SiliconFlow,2023-12-01,6,7,-1
SiliconFlow,2024-01-01,28,20,8
SiliconFlow,2024-02-01,23,13,10
SiliconFlow,2024-03-01,42,28,14
SiliconFlow,2024-04-01,38,28,10
SiliconFlow,2024-05-01,38,16,22
SiliconFlow,2024-06-01,32,8,24
SiliconFlow,2024-07-01,41,104,-63
SiliconFlow,2024-08-01,36,14,22
SiliconFlow,2024-09-01,29,15,14
SiliconFlow,2024-10-01,22,11,11
SiliconFlow,2024-11-01,12,3,9
Sourcefire,2018-06-01,1,1,0
Sourcefire,2018-08-01,2,1,1
Sourcefire,2018-09-01,3,0,3
Sourcefire,2018-10-01,6,3,3
Sourcefire,2018-11-01,0,1,-1
Sourcefire,2018-12-01,0,3,-3
Sourcefire,2019-01-01,2,0,2
Sourcefire,2019-02-01,3,1,2
Sourcefire,2019-04-01,2,1,1
Sourcefire,2019-05-01,5,2,3
Sourcefire,2019-06-01,7,3,4
Sourcefire,2019-07-01,4,3,1
Sourcefire,2019-08-01,6,5,1
Sourcefire,2019-09-01,0,1,-1
Sourcefire,2019-10-01,4,3,1
Sourcefire,2019-11-01,2,3,-1
Sourcefire,2019-12-01,4,1,3
Sourcefire,2020-01-01,2,1,1
Sourcefire,2020-02-01,1,0,1
Sourcefire,2020-03-01,3,2,1
Sourcefire,2020-04-01,2,0,2
Sourcefire,2020-05-01,3,0,3
Sourcefire,2020-06-01,4,1,3
Sourcefire,2020-07-01,0,3,-3
Sourcefire,2020-08-01,3,2,1
Sourcefire,2020-09-01,5,2,3
Sourcefire,2020-10-01,5,2,3
Sourcefire,2020-11-01,5,7,-2
Sourcefire,2020-12-01,4,5,-1
Sourcefire,2021-01-01,7,8,-1
Sourcefire,2021-02-01,4,4,0
Sourcefire,2021-03-01,10,6,4
Sourcefire,2021-04-01,9,3,6
Sourcefire,2021-05-01,4,2,2
Sourcefire,2021-06-01,11,9,2
Sourcefire,2021-07-01,2,2,0
Sourcefire,2021-08-01,10,3,7
Sourcefire,2021-09-01,7,3,4
Sourcefire,2021-10-01,1,5,-4
Sourcefire,2021-11-01,5,4,1
Sourcefire,2021-12-01,5,4,1
Sourcefire,2022-01-01,4,4,0
Sourcefire,2022-02-01,0,2,-2
Sourcefire,2022-03-01,4,1,3
Sourcefire,2022-04-01,5,3,2
Sourcefire,2022-05-01,9,5,4
Sourcefire,2022-06-01,4,3,1
Sourcefire,2022-07-01,4,2,2
Sourcefire,2022-08-01,3,4,-1
Sourcefire,2022-09-01,3,0,3
Sourcefire,2022-10-01,3,1,2
Sourcefire,2022-11-01,4,1,3
Sourcefire,2022-12-01,5,6,-1
Sourcefire,2023-01-01,6,11,-5
Sourcefire,2023-02-01,3,2,1
Sourcefire,2023-03-01,5,2,3
Sourcefire,2023-04-01,3,0,3
Sourcefire,2023-05-01,5,1,4
Sourcefire,2023-06-01,13,7,6
Sourcefire,2023-07-01,5,2,3
Sourcefire,2023-08-01,3,5,-2
Sourcefire,2023-09-01,1,0,1
Sourcefire,2023-10-01,0,10,-10
Sourcefire,2023-11-01,7,5,2
Sourcefire,2023-12-01,5,3,2
Sourcefire,2024-01-01,5,5,0
Sourcefire,2024-02-01,8,3,5
Sourcefire,2024-03-01,6,1,5
Sourcefire,2024-04-01,9,8,1
Sourcefire,2024-05-01,4,12,-8
Sourcefire,2024-06-01,2,8,-6
Sourcefire,2024-07-01,2,7,-5
Sourcefire,2024-08-01,2,0,2
Sourcefire,2024-09-01,4,3,1
Sourcefire,2024-10-01,7,5,2
Sourcefire,2024-11-01,0,2,-2
SphereEx,2023-03-01,1,1,0
StreamNative,2018-09-01,15,8,7
StreamNative,2018-10-01,42,32,10
StreamNative,2018-11-01,38,28,10
StreamNative,2018-12-01,46,34,12
StreamNative,2019-01-01,70,40,30
StreamNative,2019-02-01,53,42,11
StreamNative,2019-03-01,73,51,22
StreamNative,2019-04-01,78,41,37
StreamNative,2019-05-01,70,53,17
StreamNative,2019-06-01,83,43,40
StreamNative,2019-07-01,95,60,35
StreamNative,2019-08-01,92,65,27
StreamNative,2019-09-01,65,42,23
StreamNative,2019-10-01,82,35,47
StreamNative,2019-11-01,125,91,34
StreamNative,2019-12-01,80,57,23
StreamNative,2020-01-01,94,95,-1
StreamNative,2020-02-01,130,69,61
StreamNative,2020-03-01,85,40,45
StreamNative,2020-04-01,75,59,16
StreamNative,2020-05-01,101,64,37
StreamNative,2020-06-01,117,84,33
StreamNative,2020-07-01,136,102,34
StreamNative,2020-08-01,79,48,31
StreamNative,2020-09-01,76,87,-11
StreamNative,2020-10-01,95,92,3
StreamNative,2020-11-01,115,63,52
StreamNative,2020-12-01,127,62,65
StreamNative,2021-01-01,101,70,31
StreamNative,2021-02-01,136,75,61
StreamNative,2021-03-01,123,101,22
StreamNative,2021-04-01,118,69,49
StreamNative,2021-05-01,101,71,30
StreamNative,2021-06-01,133,78,55
StreamNative,2021-07-01,132,53,79
StreamNative,2021-08-01,119,73,46
StreamNative,2021-09-01,123,69,54
StreamNative,2021-10-01,39,14,25
StreamNative,2021-11-01,132,69,63
StreamNative,2021-12-01,151,65,86
StreamNative,2022-01-01,162,71,91
StreamNative,2022-02-01,131,95,36
StreamNative,2022-03-01,143,141,2
StreamNative,2022-04-01,124,83,41
StreamNative,2022-05-01,137,76,61
StreamNative,2022-06-01,115,72,43
StreamNative,2022-07-01,174,111,63
StreamNative,2022-08-01,142,148,-6
StreamNative,2022-09-01,136,130,6
StreamNative,2022-10-01,102,108,-6
StreamNative,2022-11-01,110,354,-244
StreamNative,2022-12-01,106,579,-473
StreamNative,2023-01-01,76,79,-3
StreamNative,2023-02-01,79,66,13
StreamNative,2023-03-01,89,70,19
StreamNative,2023-04-01,55,88,-33
StreamNative,2023-05-01,60,104,-44
StreamNative,2023-06-01,57,77,-20
StreamNative,2023-07-01,61,60,1
StreamNative,2023-08-01,54,36,18
StreamNative,2023-09-01,39,22,17
StreamNative,2023-10-01,43,19,24
StreamNative,2023-11-01,55,28,27
StreamNative,2023-12-01,41,39,2
StreamNative,2024-01-01,51,33,18
StreamNative,2024-02-01,37,24,13
StreamNative,2024-03-01,45,29,16
StreamNative,2024-04-01,43,33,10
StreamNative,2024-05-01,26,34,-8
StreamNative,2024-06-01,39,31,8
StreamNative,2024-07-01,24,8,16
StreamNative,2024-08-01,34,22,12
StreamNative,2024-09-01,30,10,20
StreamNative,2024-10-01,43,39,4
StreamNative,2024-11-01,13,7,6
Taichi,2020-01-01,43,61,-18
Taichi,2020-02-01,45,32,13
Taichi,2020-03-01,53,43,10
Taichi,2020-04-01,81,66,15
Taichi,2020-05-01,92,60,32
Taichi,2020-06-01,105,65,40
Taichi,2020-07-01,63,49,14
Taichi,2020-08-01,70,76,-6
Taichi,2020-09-01,23,13,10
Taichi,2020-10-01,40,19,21
Taichi,2020-11-01,27,14,13
Taichi,2020-12-01,19,8,11
Taichi,2021-01-01,9,3,6
Taichi,2021-02-01,6,5,1
Taichi,2021-03-01,21,11,10
Taichi,2021-04-01,26,10,16
Taichi,2021-05-01,30,39,-9
Taichi,2021-06-01,28,38,-10
Taichi,2021-07-01,37,24,13
Taichi,2021-08-01,59,19,40
Taichi,2021-09-01,64,40,24
Taichi,2021-10-01,33,22,11
Taichi,2021-11-01,87,58,29
Taichi,2021-12-01,76,119,-43
Taichi,2022-01-01,91,40,51
Taichi,2022-02-01,72,54,18
Taichi,2022-03-01,93,66,27
Taichi,2022-04-01,72,75,-3
Taichi,2022-05-01,68,51,17
Taichi,2022-06-01,52,35,17
Taichi,2022-07-01,85,52,33
Taichi,2022-08-01,131,79,52
Taichi,2022-09-01,73,45,28
Taichi,2022-10-01,84,46,38
Taichi,2022-11-01,76,46,30
Taichi,2022-12-01,64,36,28
Taichi,2023-01-01,54,42,12
Taichi,2023-02-01,53,34,19
Taichi,2023-03-01,57,42,15
Taichi,2023-04-01,50,43,7
Taichi,2023-05-01,40,33,7
Taichi,2023-06-01,34,35,-1
Taichi,2023-07-01,18,11,7
Taichi,2023-08-01,24,7,17
Taichi,2023-09-01,13,6,7
Taichi,2023-10-01,34,14,20
Taichi,2023-11-01,10,19,-9
Taichi,2023-12-01,25,10,15
Taichi,2024-01-01,11,1,10
Taichi,2024-02-01,8,5,3
Taichi,2024-03-01,17,4,13
Taichi,2024-04-01,19,1,18
Taichi,2024-05-01,10,6,4
Taichi,2024-06-01,1,2,-1
Taichi,2024-07-01,13,1,12
Taichi,2024-08-01,5,1,4
Taichi,2024-09-01,1,0,1
Taichi,2024-10-01,3,0,3
Taichi,2024-11-01,1,0,1
Talend,2016-06-01,1,0,1
Talend,2017-01-01,39,1,38
Talend,2017-02-01,18,16,2
Talend,2017-03-01,9,5,4
Talend,2017-04-01,3,5,-2
Talend,2017-05-01,6,2,4
Talend,2017-06-01,4,9,-5
Talend,2017-07-01,8,4,4
Talend,2017-08-01,1,0,1
Talend,2017-09-01,1,22,-21
Talend,2017-10-01,2,2,0
Talend,2017-11-01,1,0,1
Talend,2017-12-01,2,2,0
Talend,2018-02-01,1,0,1
Talend,2018-03-01,0,1,-1
Talend,2018-04-01,2,1,1
Talend,2018-05-01,1,1,0
Talend,2018-07-01,4,6,-2
Talend,2018-09-01,2,0,2
Talend,2018-10-01,0,1,-1
Talend,2018-11-01,4,1,3
Talend,2018-12-01,1,0,1
Talend,2019-10-01,1,0,1
Talend,2019-11-01,2,1,1
Talend,2019-12-01,3,2,1
Talend,2020-01-01,1,1,0
Talend,2020-04-01,2,18,-16
Talend,2020-05-01,2,0,2
Talend,2020-06-01,2,2,0
Talend,2020-07-01,1,0,1
Talend,2020-08-01,1,0,1
Talend,2020-11-01,1,0,1
Talend,2020-12-01,3,0,3
Talend,2021-01-01,3,1,2
Talend,2021-02-01,0,2,-2
Talend,2021-03-01,1,0,1
Talend,2021-04-01,1,2,-1
Talend,2021-05-01,0,5,-5
Talend,2021-09-01,4,2,2
Talend,2021-11-01,1,3,-2
Talend,2021-12-01,14,5,9
Talend,2022-01-01,6,6,0
Talend,2022-03-01,1,0,1
Talend,2022-04-01,1,1,0
Talend,2022-05-01,0,1,-1
Talend,2022-06-01,2,0,2
Talend,2022-07-01,1,0,1
Talend,2022-09-01,2,0,2
Talend,2022-11-01,0,6,-6
Talend,2022-12-01,2,3,-1
Talend,2023-01-01,23,17,6
Talend,2023-02-01,7,7,0
Talend,2023-03-01,16,14,2
Talend,2023-06-01,0,6,-6
Talend,2023-07-01,1,1,0
Talend,2023-11-01,0,2,-2
Talend,2024-01-01,7,6,1
Talend,2024-02-01,2,0,2
Talend,2024-04-01,1,0,1
Talend,2024-06-01,1,0,1
Talend,2024-08-01,1,1,0
Talend,2024-09-01,0,2,-2
Talend,2024-10-01,1,0,1
Tencent,2015-01-01,1,2,-1
Tencent,2015-02-01,2,0,2
Tencent,2015-03-01,5,2,3
Tencent,2015-04-01,4,2,2
Tencent,2015-05-01,4,3,1
Tencent,2015-06-01,8,2,6
Tencent,2015-07-01,6,0,6
Tencent,2015-08-01,8,3,5
Tencent,2015-09-01,2,0,2
Tencent,2015-10-01,3,1,2
Tencent,2015-11-01,6,2,4
Tencent,2015-12-01,4,1,3
Tencent,2016-02-01,5,2,3
Tencent,2016-03-01,5,1,4
Tencent,2016-04-01,7,5,2
Tencent,2016-05-01,15,5,10
Tencent,2016-06-01,9,4,5
Tencent,2016-07-01,6,3,3
Tencent,2016-08-01,13,0,13
Tencent,2016-09-01,104,71,33
Tencent,2016-10-01,55,75,-20
Tencent,2016-11-01,101,75,26
Tencent,2016-12-01,156,113,43
Tencent,2017-01-01,225,192,33
Tencent,2017-02-01,136,103,33
Tencent,2017-03-01,148,103,45
Tencent,2017-04-01,83,72,11
Tencent,2017-05-01,104,75,29
Tencent,2017-06-01,205,160,45
Tencent,2017-07-01,224,162,62
Tencent,2017-08-01,282,247,35
Tencent,2017-09-01,332,301,31
Tencent,2017-10-01,221,200,21
Tencent,2017-11-01,286,167,119
Tencent,2017-12-01,358,257,101
Tencent,2018-01-01,439,341,98
Tencent,2018-02-01,231,211,20
Tencent,2018-03-01,377,199,178
Tencent,2018-04-01,345,203,142
Tencent,2018-05-01,423,287,136
Tencent,2018-06-01,362,537,-175
Tencent,2018-07-01,305,196,109
Tencent,2018-08-01,290,220,70
Tencent,2018-09-01,313,247,66
Tencent,2018-10-01,332,285,47
Tencent,2018-11-01,437,502,-65
Tencent,2018-12-01,417,323,94
Tencent,2019-01-01,410,316,94
Tencent,2019-02-01,262,249,13
Tencent,2019-03-01,484,401,83
Tencent,2019-04-01,493,304,189
Tencent,2019-05-01,480,302,178
Tencent,2019-06-01,406,259,147
Tencent,2019-07-01,580,407,173
Tencent,2019-08-01,575,462,113
Tencent,2019-09-01,565,615,-50
Tencent,2019-10-01,463,398,65
Tencent,2019-11-01,543,400,143
Tencent,2019-12-01,543,360,183
Tencent,2020-01-01,318,256,62
Tencent,2020-02-01,303,182,121
Tencent,2020-03-01,588,437,151
Tencent,2020-04-01,579,377,202
Tencent,2020-05-01,461,319,142
Tencent,2020-06-01,653,382,271
Tencent,2020-07-01,701,523,178
Tencent,2020-08-01,479,251,228
Tencent,2020-09-01,497,378,119
Tencent,2020-10-01,397,212,185
Tencent,2020-11-01,441,294,147
Tencent,2020-12-01,500,284,216
Tencent,2021-01-01,462,438,24
Tencent,2021-02-01,249,195,54
Tencent,2021-03-01,477,353,124
Tencent,2021-04-01,394,301,93
Tencent,2021-05-01,442,313,129
Tencent,2021-06-01,552,367,185
Tencent,2021-07-01,538,429,109
Tencent,2021-08-01,462,337,125
Tencent,2021-09-01,465,310,155
Tencent,2021-10-01,110,71,39
Tencent,2021-11-01,454,328,126
Tencent,2021-12-01,672,399,273
Tencent,2022-01-01,793,565,228
Tencent,2022-02-01,396,243,153
Tencent,2022-03-01,691,526,165
Tencent,2022-04-01,733,579,154
Tencent,2022-05-01,725,553,172
Tencent,2022-06-01,739,573,166
Tencent,2022-07-01,730,593,137
Tencent,2022-08-01,891,694,197
Tencent,2022-09-01,726,536,190
Tencent,2022-10-01,544,408,136
Tencent,2022-11-01,723,535,188
Tencent,2022-12-01,542,538,4
Tencent,2023-01-01,447,392,55
Tencent,2023-02-01,619,401,218
Tencent,2023-03-01,717,461,256
Tencent,2023-04-01,621,456,165
Tencent,2023-05-01,615,425,190
Tencent,2023-06-01,640,433,207
Tencent,2023-07-01,549,438,111
Tencent,2023-08-01,670,428,242
Tencent,2023-09-01,474,330,144
Tencent,2023-10-01,490,329,161
Tencent,2023-11-01,481,356,125
Tencent,2023-12-01,473,440,33
Tencent,2024-01-01,455,303,152
Tencent,2024-02-01,235,216,19
Tencent,2024-03-01,450,396,54
Tencent,2024-04-01,418,498,-80
Tencent,2024-05-01,496,343,153
Tencent,2024-06-01,521,346,175
Tencent,2024-07-01,583,303,280
Tencent,2024-08-01,491,328,163
Tencent,2024-09-01,432,357,75
Tencent,2024-10-01,431,365,66
Tencent,2024-11-01,135,98,37
Terminus,2021-03-01,3,0,3
Terminus,2021-04-01,5,3,2
Terminus,2021-05-01,4,5,-1
Terminus,2021-06-01,6,4,2
Terminus,2021-07-01,8,3,5
Terminus,2021-08-01,15,7,8
Terminus,2021-09-01,6,17,-11
Terminus,2021-10-01,1,0,1
Terminus,2021-11-01,4,6,-2
Terminus,2021-12-01,8,4,4
Terminus,2022-01-01,16,11,5
Terminus,2022-02-01,4,7,-3
Terminus,2022-03-01,5,7,-2
Terminus,2022-04-01,6,3,3
Terminus,2022-05-01,2,7,-5
Terminus,2022-06-01,2,1,1
Terminus,2022-07-01,1,3,-2
Terminus,2022-09-01,3,2,1
Terminus,2022-10-01,0,1,-1
Terminus,2022-11-01,2,2,0
Terminus,2022-12-01,2,1,1
Terminus,2023-01-01,4,3,1
Terminus,2023-02-01,3,2,1
Terminus,2023-03-01,0,1,-1
Terminus,2023-04-01,1,0,1
Terminus,2023-05-01,0,1,-1
Terminus,2023-07-01,2,0,2
Terminus,2023-08-01,1,2,-1
Terminus,2023-09-01,1,0,1
Terminus,2023-10-01,1,1,0
Terminus,2023-11-01,1,1,0
Terminus,2023-12-01,0,2,-2
Terminus,2024-01-01,1,0,1
Terminus,2024-05-01,1,1,0
Terminus,2024-08-01,1,0,1
Terminus,2024-09-01,0,1,-1
Terminus,2024-10-01,3,2,1
ThinkPHP,2015-12-01,41,49,-8
ThinkPHP,2016-01-01,46,39,7
ThinkPHP,2016-02-01,49,34,15
ThinkPHP,2016-03-01,71,35,36
ThinkPHP,2016-04-01,52,30,22
ThinkPHP,2016-05-01,41,20,21
ThinkPHP,2016-06-01,59,30,29
ThinkPHP,2016-07-01,42,24,18
ThinkPHP,2016-08-01,65,24,41
ThinkPHP,2016-09-01,35,18,17
ThinkPHP,2016-10-01,34,26,8
ThinkPHP,2016-11-01,65,36,29
ThinkPHP,2016-12-01,55,26,29
ThinkPHP,2017-01-01,31,8,23
ThinkPHP,2017-02-01,35,35,0
ThinkPHP,2017-03-01,46,21,25
ThinkPHP,2017-04-01,44,15,29
ThinkPHP,2017-05-01,46,44,2
ThinkPHP,2017-06-01,21,11,10
ThinkPHP,2017-07-01,41,31,10
ThinkPHP,2017-08-01,29,47,-18
ThinkPHP,2017-09-01,37,22,15
ThinkPHP,2017-10-01,28,18,10
ThinkPHP,2017-11-01,35,36,-1
ThinkPHP,2017-12-01,29,29,0
ThinkPHP,2018-01-01,63,46,17
ThinkPHP,2018-02-01,16,10,6
ThinkPHP,2018-03-01,40,11,29
ThinkPHP,2018-04-01,45,100,-55
ThinkPHP,2018-05-01,59,28,31
ThinkPHP,2018-06-01,56,222,-166
ThinkPHP,2018-07-01,28,17,11
ThinkPHP,2018-08-01,47,26,21
ThinkPHP,2018-09-01,39,20,19
ThinkPHP,2018-10-01,42,37,5
ThinkPHP,2018-11-01,39,24,15
ThinkPHP,2018-12-01,45,40,5
ThinkPHP,2019-01-01,34,32,2
ThinkPHP,2019-02-01,25,12,13
ThinkPHP,2019-03-01,62,22,40
ThinkPHP,2019-04-01,55,37,18
ThinkPHP,2019-05-01,49,79,-30
ThinkPHP,2019-06-01,49,117,-68
ThinkPHP,2019-07-01,60,41,19
ThinkPHP,2019-08-01,59,30,29
ThinkPHP,2019-09-01,39,19,20
ThinkPHP,2019-10-01,72,41,31
ThinkPHP,2019-11-01,48,28,20
ThinkPHP,2019-12-01,56,20,36
ThinkPHP,2020-01-01,31,18,13
ThinkPHP,2020-02-01,21,9,12
ThinkPHP,2020-03-01,60,15,45
ThinkPHP,2020-04-01,41,47,-6
ThinkPHP,2020-05-01,34,19,15
ThinkPHP,2020-06-01,39,25,14
ThinkPHP,2020-07-01,68,70,-2
ThinkPHP,2020-08-01,32,11,21
ThinkPHP,2020-09-01,41,34,7
ThinkPHP,2020-10-01,33,17,16
ThinkPHP,2020-11-01,33,16,17
ThinkPHP,2020-12-01,35,19,16
ThinkPHP,2021-01-01,50,64,-14
ThinkPHP,2021-02-01,32,21,11
ThinkPHP,2021-03-01,25,16,9
ThinkPHP,2021-04-01,41,12,29
ThinkPHP,2021-05-01,29,13,16
ThinkPHP,2021-06-01,36,13,23
ThinkPHP,2021-07-01,42,32,10
ThinkPHP,2021-08-01,20,13,7
ThinkPHP,2021-09-01,28,10,18
ThinkPHP,2021-10-01,6,2,4
ThinkPHP,2021-11-01,22,10,12
ThinkPHP,2021-12-01,30,26,4
ThinkPHP,2022-01-01,36,13,23
ThinkPHP,2022-02-01,21,14,7
ThinkPHP,2022-03-01,34,25,9
ThinkPHP,2022-04-01,34,15,19
ThinkPHP,2022-05-01,20,9,11
ThinkPHP,2022-06-01,14,12,2
ThinkPHP,2022-07-01,18,2,16
ThinkPHP,2022-08-01,11,9,2
ThinkPHP,2022-09-01,24,8,16
ThinkPHP,2022-10-01,30,13,17
ThinkPHP,2022-11-01,24,3,21
ThinkPHP,2022-12-01,16,4,12
ThinkPHP,2023-01-01,10,19,-9
ThinkPHP,2023-02-01,29,21,8
ThinkPHP,2023-03-01,22,13,9
ThinkPHP,2023-04-01,23,5,18
ThinkPHP,2023-05-01,20,5,15
ThinkPHP,2023-06-01,17,13,4
ThinkPHP,2023-07-01,24,12,12
ThinkPHP,2023-08-01,19,19,0
ThinkPHP,2023-09-01,23,16,7
ThinkPHP,2023-10-01,15,5,10
ThinkPHP,2023-11-01,17,4,13
ThinkPHP,2023-12-01,13,2,11
ThinkPHP,2024-01-01,7,1,6
ThinkPHP,2024-02-01,5,1,4
ThinkPHP,2024-03-01,11,5,6
ThinkPHP,2024-04-01,11,3,8
ThinkPHP,2024-05-01,14,1,13
ThinkPHP,2024-06-01,28,11,17
ThinkPHP,2024-07-01,13,9,4
ThinkPHP,2024-08-01,25,38,-13
ThinkPHP,2024-09-01,30,16,14
ThinkPHP,2024-10-01,9,9,0
ThinkPHP,2024-11-01,4,2,2
Treasure Data,2015-01-01,19,16,3
Treasure Data,2015-02-01,10,10,0
Treasure Data,2015-03-01,25,16,9
Treasure Data,2015-04-01,19,20,-1
Treasure Data,2015-05-01,19,14,5
Treasure Data,2015-06-01,22,16,6
Treasure Data,2015-07-01,18,10,8
Treasure Data,2015-08-01,26,20,6
Treasure Data,2015-09-01,21,31,-10
Treasure Data,2015-10-01,30,23,7
Treasure Data,2015-11-01,13,14,-1
Treasure Data,2015-12-01,32,34,-2
Treasure Data,2016-01-01,30,21,9
Treasure Data,2016-02-01,25,15,10
Treasure Data,2016-03-01,40,34,6
Treasure Data,2016-04-01,35,32,3
Treasure Data,2016-05-01,41,44,-3
Treasure Data,2016-06-01,41,30,11
Treasure Data,2016-07-01,39,33,6
Treasure Data,2016-08-01,51,44,7
Treasure Data,2016-09-01,36,36,0
Treasure Data,2016-10-01,53,48,5
Treasure Data,2016-11-01,37,42,-5
Treasure Data,2016-12-01,42,31,11
Treasure Data,2017-01-01,42,32,10
Treasure Data,2017-02-01,60,37,23
Treasure Data,2017-03-01,52,33,19
Treasure Data,2017-04-01,57,54,3
Treasure Data,2017-05-01,53,50,3
Treasure Data,2017-06-01,50,43,7
Treasure Data,2017-07-01,67,45,22
Treasure Data,2017-08-01,66,40,26
Treasure Data,2017-09-01,46,29,17
Treasure Data,2017-10-01,53,40,13
Treasure Data,2017-11-01,76,48,28
Treasure Data,2017-12-01,55,51,4
Treasure Data,2018-01-01,75,54,21
Treasure Data,2018-02-01,70,55,15
Treasure Data,2018-03-01,69,52,17
Treasure Data,2018-04-01,65,53,12
Treasure Data,2018-05-01,80,44,36
Treasure Data,2018-06-01,94,43,51
Treasure Data,2018-07-01,88,59,29
Treasure Data,2018-08-01,76,56,20
Treasure Data,2018-09-01,78,49,29
Treasure Data,2018-10-01,76,48,28
Treasure Data,2018-11-01,69,56,13
Treasure Data,2018-12-01,87,54,33
Treasure Data,2019-01-01,85,45,40
Treasure Data,2019-02-01,76,47,29
Treasure Data,2019-03-01,84,47,37
Treasure Data,2019-04-01,94,59,35
Treasure Data,2019-05-01,100,39,61
Treasure Data,2019-06-01,98,66,32
Treasure Data,2019-07-01,109,83,26
Treasure Data,2019-08-01,79,34,45
Treasure Data,2019-09-01,83,51,32
Treasure Data,2019-10-01,128,77,51
Treasure Data,2019-11-01,106,68,38
Treasure Data,2019-12-01,99,114,-15
Treasure Data,2020-01-01,91,67,24
Treasure Data,2020-02-01,97,67,30
Treasure Data,2020-03-01,108,66,42
Treasure Data,2020-04-01,128,70,58
Treasure Data,2020-05-01,117,85,32
Treasure Data,2020-06-01,138,68,70
Treasure Data,2020-07-01,130,92,38
Treasure Data,2020-08-01,112,55,57
Treasure Data,2020-09-01,105,81,24
Treasure Data,2020-10-01,116,71,45
Treasure Data,2020-11-01,95,78,17
Treasure Data,2020-12-01,109,49,60
Treasure Data,2021-01-01,94,103,-9
Treasure Data,2021-02-01,128,153,-25
Treasure Data,2021-03-01,155,253,-98
Treasure Data,2021-04-01,127,231,-104
Treasure Data,2021-05-01,114,247,-133
Treasure Data,2021-06-01,129,111,18
Treasure Data,2021-07-01,143,194,-51
Treasure Data,2021-08-01,113,158,-45
Treasure Data,2021-09-01,96,104,-8
Treasure Data,2021-10-01,33,51,-18
Treasure Data,2021-11-01,107,77,30
Treasure Data,2021-12-01,121,119,2
Treasure Data,2022-01-01,136,159,-23
Treasure Data,2022-02-01,124,220,-96
Treasure Data,2022-03-01,163,128,35
Treasure Data,2022-04-01,123,115,8
Treasure Data,2022-05-01,130,121,9
Treasure Data,2022-06-01,108,136,-28
Treasure Data,2022-07-01,95,82,13
Treasure Data,2022-08-01,119,92,27
Treasure Data,2022-09-01,72,83,-11
Treasure Data,2022-10-01,120,129,-9
Treasure Data,2022-11-01,108,99,9
Treasure Data,2022-12-01,88,75,13
Treasure Data,2023-01-01,101,111,-10
Treasure Data,2023-02-01,124,83,41
Treasure Data,2023-03-01,123,94,29
Treasure Data,2023-04-01,128,92,36
Treasure Data,2023-05-01,129,133,-4
Treasure Data,2023-06-01,113,112,1
Treasure Data,2023-07-01,103,97,6
Treasure Data,2023-08-01,108,71,37
Treasure Data,2023-09-01,78,57,21
Treasure Data,2023-10-01,91,46,45
Treasure Data,2023-11-01,94,49,45
Treasure Data,2023-12-01,61,188,-127
Treasure Data,2024-01-01,90,61,29
Treasure Data,2024-02-01,83,64,19
Treasure Data,2024-03-01,92,62,30
Treasure Data,2024-04-01,79,89,-10
Treasure Data,2024-05-01,78,65,13
Treasure Data,2024-06-01,92,89,3
Treasure Data,2024-07-01,94,121,-27
Treasure Data,2024-08-01,104,139,-35
Treasure Data,2024-09-01,58,78,-20
Treasure Data,2024-10-01,86,69,17
Treasure Data,2024-11-01,22,11,11
Twitter,2015-01-01,712,648,64
Twitter,2015-02-01,580,528,52
Twitter,2015-03-01,714,634,80
Twitter,2015-04-01,698,826,-128
Twitter,2015-05-01,574,496,78
Twitter,2015-06-01,654,580,74
Twitter,2015-07-01,520,460,60
Twitter,2015-08-01,914,540,374
Twitter,2015-09-01,632,538,94
Twitter,2015-10-01,616,348,268
Twitter,2015-11-01,546,514,32
Twitter,2015-12-01,634,408,226
Twitter,2016-01-01,504,328,176
Twitter,2016-02-01,480,400,80
Twitter,2016-03-01,532,360,172
Twitter,2016-04-01,426,296,130
Twitter,2016-05-01,430,452,-22
Twitter,2016-06-01,386,292,94
Twitter,2016-07-01,414,314,100
Twitter,2016-08-01,432,288,144
Twitter,2016-09-01,466,572,-106
Twitter,2016-10-01,458,666,-208
Twitter,2016-11-01,404,430,-26
Twitter,2016-12-01,394,468,-74
Twitter,2017-01-01,688,476,212
Twitter,2017-02-01,470,262,208
Twitter,2017-03-01,480,520,-40
Twitter,2017-04-01,364,356,8
Twitter,2017-05-01,318,322,-4
Twitter,2017-06-01,378,356,22
Twitter,2017-07-01,378,330,48
Twitter,2017-08-01,886,682,204
Twitter,2017-09-01,580,474,106
Twitter,2017-10-01,604,670,-66
Twitter,2017-11-01,448,396,52
Twitter,2017-12-01,398,400,-2
Twitter,2018-01-01,590,448,142
Twitter,2018-02-01,424,318,106
Twitter,2018-03-01,728,408,320
Twitter,2018-04-01,404,360,44
Twitter,2018-05-01,342,230,112
Twitter,2018-06-01,260,192,68
Twitter,2018-07-01,552,744,-192
Twitter,2018-08-01,276,346,-70
Twitter,2018-09-01,262,274,-12
Twitter,2018-10-01,310,322,-12
Twitter,2018-11-01,230,212,18
Twitter,2018-12-01,232,342,-110
Twitter,2019-01-01,322,282,40
Twitter,2019-02-01,354,284,70
Twitter,2019-03-01,334,252,82
Twitter,2019-04-01,248,200,48
Twitter,2019-05-01,230,226,4
Twitter,2019-06-01,218,200,18
Twitter,2019-07-01,258,292,-34
Twitter,2019-08-01,220,194,26
Twitter,2019-09-01,174,110,64
Twitter,2019-10-01,206,162,44
Twitter,2019-11-01,242,158,84
Twitter,2019-12-01,204,188,16
Twitter,2020-01-01,180,144,36
Twitter,2020-02-01,258,194,64
Twitter,2020-03-01,208,214,-6
Twitter,2020-04-01,236,202,34
Twitter,2020-05-01,258,274,-16
Twitter,2020-06-01,344,286,58
Twitter,2020-07-01,266,206,60
Twitter,2020-08-01,246,192,54
Twitter,2020-09-01,216,232,-16
Twitter,2020-10-01,228,198,30
Twitter,2020-11-01,232,226,6
Twitter,2020-12-01,408,360,48
Twitter,2021-01-01,378,466,-88
Twitter,2021-02-01,296,258,38
Twitter,2021-03-01,430,356,74
Twitter,2021-04-01,312,348,-36
Twitter,2021-05-01,362,570,-208
Twitter,2021-06-01,264,226,38
Twitter,2021-07-01,290,326,-36
Twitter,2021-08-01,256,194,62
Twitter,2021-09-01,262,200,62
Twitter,2021-10-01,100,106,-6
Twitter,2021-11-01,202,160,42
Twitter,2021-12-01,224,134,90
Twitter,2022-01-01,156,162,-6
Twitter,2022-02-01,206,222,-16
Twitter,2022-03-01,208,126,82
Twitter,2022-04-01,164,396,-232
Twitter,2022-05-01,214,158,56
Twitter,2022-06-01,146,98,48
Twitter,2022-07-01,218,202,16
Twitter,2022-08-01,254,134,120
Twitter,2022-09-01,212,250,-38
Twitter,2022-10-01,168,184,-16
Twitter,2022-11-01,200,174,26
Twitter,2022-12-01,160,156,4
Twitter,2023-01-01,208,112,96
Twitter,2023-02-01,140,112,28
Twitter,2023-03-01,916,522,394
Twitter,2023-04-01,1934,1334,600
Twitter,2023-05-01,162,60,102
Twitter,2023-06-01,182,120,62
Twitter,2023-07-01,170,76,94
Twitter,2023-08-01,146,132,14
Twitter,2023-09-01,174,144,30
Twitter,2023-10-01,186,104,82
Twitter,2023-11-01,172,68,104
Twitter,2023-12-01,110,54,56
Twitter,2024-01-01,166,66,100
Twitter,2024-02-01,152,68,84
Twitter,2024-03-01,140,160,-20
Twitter,2024-04-01,116,58,58
Twitter,2024-05-01,124,32,92
Twitter,2024-06-01,130,62,68
Twitter,2024-07-01,140,54,86
Twitter,2024-08-01,6358,82,6276
Twitter,2024-09-01,3772,46,3726
Twitter,2024-10-01,1558,124,1434
Twitter,2024-11-01,48,8,40
Uber,2015-01-01,8,2,6
Uber,2015-02-01,46,14,32
Uber,2015-03-01,92,36,56
Uber,2015-04-01,58,32,26
Uber,2015-05-01,50,46,4
Uber,2015-06-01,70,90,-20
Uber,2015-07-01,146,64,82
Uber,2015-08-01,114,66,48
Uber,2015-09-01,100,50,50
Uber,2015-10-01,96,56,40
Uber,2015-11-01,88,32,56
Uber,2015-12-01,82,54,28
Uber,2016-01-01,54,28,26
Uber,2016-02-01,78,18,60
Uber,2016-03-01,52,58,-6
Uber,2016-04-01,36,36,0
Uber,2016-05-01,78,62,16
Uber,2016-06-01,86,54,32
Uber,2016-07-01,88,60,28
Uber,2016-08-01,82,74,8
Uber,2016-09-01,70,60,10
Uber,2016-10-01,110,60,50
Uber,2016-11-01,158,100,58
Uber,2016-12-01,106,86,20
Uber,2017-01-01,216,184,32
Uber,2017-02-01,214,198,16
Uber,2017-03-01,184,176,8
Uber,2017-04-01,208,132,76
Uber,2017-05-01,252,160,92
Uber,2017-06-01,296,258,38
Uber,2017-07-01,280,208,72
Uber,2017-08-01,300,184,116
Uber,2017-09-01,266,196,70
Uber,2017-10-01,234,136,98
Uber,2017-11-01,274,156,118
Uber,2017-12-01,262,160,102
Uber,2018-01-01,252,188,64
Uber,2018-02-01,212,180,32
Uber,2018-03-01,218,256,-38
Uber,2018-04-01,284,186,98
Uber,2018-05-01,310,178,132
Uber,2018-06-01,240,186,54
Uber,2018-07-01,338,282,56
Uber,2018-08-01,348,250,98
Uber,2018-09-01,248,182,66
Uber,2018-10-01,256,208,48
Uber,2018-11-01,248,130,118
Uber,2018-12-01,234,168,66
Uber,2019-01-01,236,154,82
Uber,2019-02-01,402,226,176
Uber,2019-03-01,536,318,218
Uber,2019-04-01,432,264,168
Uber,2019-05-01,548,396,152
Uber,2019-06-01,520,276,244
Uber,2019-07-01,514,268,246
Uber,2019-08-01,464,276,188
Uber,2019-09-01,518,324,194
Uber,2019-10-01,518,420,98
Uber,2019-11-01,462,332,130
Uber,2019-12-01,406,296,110
Uber,2020-01-01,480,370,110
Uber,2020-02-01,368,306,62
Uber,2020-03-01,404,366,38
Uber,2020-04-01,392,234,158
Uber,2020-05-01,376,304,72
Uber,2020-06-01,420,300,120
Uber,2020-07-01,398,290,108
Uber,2020-08-01,346,198,148
Uber,2020-09-01,362,178,184
Uber,2020-10-01,356,284,72
Uber,2020-11-01,364,1196,-832
Uber,2020-12-01,290,166,124
Uber,2021-01-01,306,214,92
Uber,2021-02-01,334,208,126
Uber,2021-03-01,338,308,30
Uber,2021-04-01,302,220,82
Uber,2021-05-01,228,142,86
Uber,2021-06-01,268,180,88
Uber,2021-07-01,208,152,56
Uber,2021-08-01,280,174,106
Uber,2021-09-01,228,206,22
Uber,2021-10-01,84,34,50
Uber,2021-11-01,206,214,-8
Uber,2021-12-01,220,132,88
Uber,2022-01-01,232,126,106
Uber,2022-02-01,186,88,98
Uber,2022-03-01,202,136,66
Uber,2022-04-01,164,118,46
Uber,2022-05-01,144,66,78
Uber,2022-06-01,134,98,36
Uber,2022-07-01,168,68,100
Uber,2022-08-01,244,196,48
Uber,2022-09-01,198,126,72
Uber,2022-10-01,128,92,36
Uber,2022-11-01,134,78,56
Uber,2022-12-01,128,88,40
Uber,2023-01-01,168,106,62
Uber,2023-02-01,162,98,64
Uber,2023-03-01,112,96,16
Uber,2023-04-01,114,72,42
Uber,2023-05-01,126,88,38
Uber,2023-06-01,106,54,52
Uber,2023-07-01,118,62,56
Uber,2023-08-01,148,102,46
Uber,2023-09-01,126,74,52
Uber,2023-10-01,114,146,-32
Uber,2023-11-01,214,72,142
Uber,2023-12-01,90,68,22
Uber,2024-01-01,126,98,28
Uber,2024-02-01,92,82,10
Uber,2024-03-01,110,112,-2
Uber,2024-04-01,88,74,14
Uber,2024-05-01,94,64,30
Uber,2024-06-01,88,50,38
Uber,2024-07-01,96,44,52
Uber,2024-08-01,72,68,4
Uber,2024-09-01,72,60,12
Uber,2024-10-01,98,208,-110
Uber,2024-11-01,18,854,-836
VMWare,2015-01-01,359,259,100
VMWare,2015-02-01,342,274,68
VMWare,2015-03-01,486,344,142
VMWare,2015-04-01,408,280,128
VMWare,2015-05-01,404,345,59
VMWare,2015-06-01,511,424,87
VMWare,2015-07-01,473,456,17
VMWare,2015-08-01,438,394,44
VMWare,2015-09-01,476,372,104
VMWare,2015-10-01,480,483,-3
VMWare,2015-11-01,615,445,170
VMWare,2015-12-01,621,496,125
VMWare,2016-01-01,550,507,43
VMWare,2016-02-01,706,585,121
VMWare,2016-03-01,806,732,74
VMWare,2016-04-01,860,812,48
VMWare,2016-05-01,932,644,288
VMWare,2016-06-01,954,848,106
VMWare,2016-07-01,993,792,201
VMWare,2016-08-01,1001,853,148
VMWare,2016-09-01,906,837,69
VMWare,2016-10-01,887,899,-12
VMWare,2016-11-01,1067,942,125
VMWare,2016-12-01,781,734,47
VMWare,2017-01-01,974,913,61
VMWare,2017-02-01,944,808,136
VMWare,2017-03-01,1263,1058,205
VMWare,2017-04-01,1229,1026,203
VMWare,2017-05-01,1182,1047,135
VMWare,2017-06-01,1198,940,258
VMWare,2017-07-01,1048,961,87
VMWare,2017-08-01,1075,1014,61
VMWare,2017-09-01,1395,1127,268
VMWare,2017-10-01,1481,1363,118
VMWare,2017-11-01,1473,1274,199
VMWare,2017-12-01,917,692,225
VMWare,2018-01-01,1391,1463,-72
VMWare,2018-02-01,1168,1217,-49
VMWare,2018-03-01,1337,1290,47
VMWare,2018-04-01,1058,941,117
VMWare,2018-05-01,1073,896,177
VMWare,2018-06-01,972,810,162
VMWare,2018-07-01,1003,938,65
VMWare,2018-08-01,1096,1009,87
VMWare,2018-09-01,1173,1080,93
VMWare,2018-10-01,1284,1536,-252
VMWare,2018-11-01,1149,1114,35
VMWare,2018-12-01,1099,973,126
VMWare,2019-01-01,1165,1903,-738
VMWare,2019-02-01,1256,1319,-63
VMWare,2019-03-01,1383,1343,40
VMWare,2019-04-01,1357,1332,25
VMWare,2019-05-01,1359,1194,165
VMWare,2019-06-01,1302,1144,158
VMWare,2019-07-01,1463,1377,86
VMWare,2019-08-01,1405,1407,-2
VMWare,2019-09-01,1503,1372,131
VMWare,2019-10-01,1479,1208,271
VMWare,2019-11-01,1528,1388,140
VMWare,2019-12-01,1403,1214,189
VMWare,2020-01-01,1572,1480,92
VMWare,2020-02-01,1392,1327,65
VMWare,2020-03-01,1800,1596,204
VMWare,2020-04-01,1924,1879,45
VMWare,2020-05-01,1658,1388,270
VMWare,2020-06-01,1774,1578,196
VMWare,2020-07-01,1659,1570,89
VMWare,2020-08-01,1458,1317,141
VMWare,2020-09-01,1609,1489,120
VMWare,2020-10-01,1552,1398,154
VMWare,2020-11-01,1573,1353,220
VMWare,2020-12-01,1468,1309,159
VMWare,2021-01-01,1814,1853,-39
VMWare,2021-02-01,1683,1546,137
VMWare,2021-03-01,1766,1662,104
VMWare,2021-04-01,1877,1621,256
VMWare,2021-05-01,1646,1724,-78
VMWare,2021-06-01,1700,1768,-68
VMWare,2021-07-01,1707,1584,123
VMWare,2021-08-01,1364,1132,232
VMWare,2021-09-01,1858,1607,251
VMWare,2021-10-01,689,594,95
VMWare,2021-11-01,1921,1619,302
VMWare,2021-12-01,1558,1239,319
VMWare,2022-01-01,1899,1750,149
VMWare,2022-02-01,1772,1563,209
VMWare,2022-03-01,2098,1827,271
VMWare,2022-04-01,1772,1567,205
VMWare,2022-05-01,1717,1548,169
VMWare,2022-06-01,1514,1465,49
VMWare,2022-07-01,1673,1724,-51
VMWare,2022-08-01,1741,1745,-4
VMWare,2022-09-01,1672,1628,44
VMWare,2022-10-01,1637,1977,-340
VMWare,2022-11-01,1893,1811,82
VMWare,2022-12-01,1167,1002,165
VMWare,2023-01-01,1571,1717,-146
VMWare,2023-02-01,1653,1736,-83
VMWare,2023-03-01,1766,1675,91
VMWare,2023-04-01,1608,1331,277
VMWare,2023-05-01,1634,1562,72
VMWare,2023-06-01,1792,1623,169
VMWare,2023-07-01,1781,1796,-15
VMWare,2023-08-01,1963,1749,214
VMWare,2023-09-01,1597,1773,-176
VMWare,2023-10-01,1719,1787,-68
VMWare,2023-11-01,1559,1593,-34
VMWare,2023-12-01,1307,1413,-106
VMWare,2024-01-01,1689,1562,127
VMWare,2024-02-01,1506,1424,82
VMWare,2024-03-01,1571,1622,-51
VMWare,2024-04-01,1605,1433,172
VMWare,2024-05-01,1450,1297,153
VMWare,2024-06-01,1341,1228,113
VMWare,2024-07-01,1473,1335,138
VMWare,2024-08-01,1467,1344,123
VMWare,2024-09-01,1228,1327,-99
VMWare,2024-10-01,1533,1519,14
VMWare,2024-11-01,298,368,-70
Varnish,2015-11-01,1,0,1
Varnish,2016-01-01,3,1,2
Varnish,2016-02-01,7,3,4
Varnish,2016-03-01,324,319,5
Varnish,2016-04-01,35,25,10
Varnish,2016-05-01,32,36,-4
Varnish,2016-06-01,22,23,-1
Varnish,2016-07-01,20,22,-2
Varnish,2016-08-01,33,22,11
Varnish,2016-09-01,26,24,2
Varnish,2016-10-01,15,21,-6
Varnish,2016-11-01,22,14,8
Varnish,2016-12-01,23,22,1
Varnish,2017-01-01,27,38,-11
Varnish,2017-02-01,22,31,-9
Varnish,2017-03-01,53,38,15
Varnish,2017-04-01,23,44,-21
Varnish,2017-05-01,12,8,4
Varnish,2017-06-01,17,12,5
Varnish,2017-07-01,13,8,5
Varnish,2017-08-01,20,19,1
Varnish,2017-09-01,31,28,3
Varnish,2017-10-01,21,20,1
Varnish,2017-11-01,20,31,-11
Varnish,2017-12-01,7,6,1
Varnish,2018-01-01,17,12,5
Varnish,2018-02-01,27,32,-5
Varnish,2018-03-01,30,21,9
Varnish,2018-04-01,20,26,-6
Varnish,2018-05-01,23,18,5
Varnish,2018-06-01,26,29,-3
Varnish,2018-07-01,8,7,1
Varnish,2018-08-01,13,25,-12
Varnish,2018-09-01,23,20,3
Varnish,2018-10-01,12,14,-2
Varnish,2018-11-01,23,21,2
Varnish,2018-12-01,14,7,7
Varnish,2019-01-01,11,12,-1
Varnish,2019-02-01,22,34,-12
Varnish,2019-03-01,20,22,-2
Varnish,2019-04-01,21,23,-2
Varnish,2019-05-01,10,12,-2
Varnish,2019-06-01,6,3,3
Varnish,2019-07-01,6,3,3
Varnish,2019-08-01,9,6,3
Varnish,2019-09-01,9,10,-1
Varnish,2019-10-01,15,16,-1
Varnish,2019-11-01,15,16,-1
Varnish,2019-12-01,11,13,-2
Varnish,2020-01-01,17,9,8
Varnish,2020-02-01,16,12,4
Varnish,2020-03-01,17,19,-2
Varnish,2020-04-01,16,16,0
Varnish,2020-05-01,16,12,4
Varnish,2020-06-01,11,10,1
Varnish,2020-07-01,13,8,5
Varnish,2020-08-01,10,9,1
Varnish,2020-09-01,9,7,2
Varnish,2020-10-01,8,12,-4
Varnish,2020-11-01,12,11,1
Varnish,2020-12-01,4,8,-4
Varnish,2021-01-01,14,15,-1
Varnish,2021-02-01,19,14,5
Varnish,2021-03-01,13,6,7
Varnish,2021-04-01,10,16,-6
Varnish,2021-05-01,4,11,-7
Varnish,2021-06-01,8,9,-1
Varnish,2021-07-01,5,2,3
Varnish,2021-08-01,8,17,-9
Varnish,2021-09-01,13,11,2
Varnish,2021-10-01,2,2,0
Varnish,2021-11-01,6,8,-2
Varnish,2021-12-01,9,6,3
Varnish,2022-01-01,5,5,0
Varnish,2022-02-01,3,4,-1
Varnish,2022-03-01,3,4,-1
Varnish,2022-04-01,5,3,2
Varnish,2022-05-01,2,2,0
Varnish,2022-06-01,3,1,2
Varnish,2022-07-01,6,4,2
Varnish,2022-08-01,5,5,0
Varnish,2022-09-01,7,2,5
Varnish,2022-10-01,3,3,0
Varnish,2022-11-01,6,2,4
Varnish,2022-12-01,5,5,0
Varnish,2023-01-01,3,4,-1
Varnish,2023-02-01,3,1,2
Varnish,2023-03-01,4,1,3
Varnish,2023-04-01,2,0,2
Varnish,2023-05-01,3,1,2
Varnish,2023-06-01,9,6,3
Varnish,2023-07-01,8,5,3
Varnish,2023-08-01,7,6,1
Varnish,2023-09-01,6,4,2
Varnish,2023-10-01,8,2,6
Varnish,2023-11-01,4,6,-2
Varnish,2023-12-01,3,1,2
Varnish,2024-01-01,3,1,2
Varnish,2024-02-01,4,0,4
Varnish,2024-03-01,9,8,1
Varnish,2024-04-01,1,3,-2
Varnish,2024-05-01,3,2,1
Varnish,2024-06-01,3,2,1
Varnish,2024-07-01,0,2,-2
Varnish,2024-08-01,6,4,2
Varnish,2024-09-01,18,14,4
Varnish,2024-10-01,1,1,0
Varnish,2024-11-01,2,2,0
Vesoft,2019-05-01,46,19,27
Vesoft,2019-06-01,27,16,11
Vesoft,2019-07-01,60,40,20
Vesoft,2019-08-01,84,68,16
Vesoft,2019-09-01,51,35,16
Vesoft,2019-10-01,65,50,15
Vesoft,2019-11-01,69,88,-19
Vesoft,2019-12-01,61,39,22
Vesoft,2020-01-01,31,34,-3
Vesoft,2020-02-01,47,30,17
Vesoft,2020-03-01,83,62,21
Vesoft,2020-04-01,42,27,15
Vesoft,2020-05-01,17,91,-74
Vesoft,2020-06-01,17,14,3
Vesoft,2020-07-01,25,15,10
Vesoft,2020-08-01,28,13,15
Vesoft,2020-09-01,21,14,7
Vesoft,2020-10-01,33,9,24
Vesoft,2020-11-01,29,18,11
Vesoft,2020-12-01,46,14,32
Vesoft,2021-01-01,118,36,82
Vesoft,2021-02-01,36,32,4
Vesoft,2021-03-01,70,62,8
Vesoft,2021-04-01,46,58,-12
Vesoft,2021-05-01,109,82,27
Vesoft,2021-06-01,95,77,18
Vesoft,2021-07-01,101,90,11
Vesoft,2021-08-01,206,130,76
Vesoft,2021-09-01,196,170,26
Vesoft,2021-10-01,60,29,31
Vesoft,2021-11-01,147,95,52
Vesoft,2021-12-01,163,140,23
Vesoft,2022-01-01,152,151,1
Vesoft,2022-02-01,83,54,29
Vesoft,2022-03-01,95,76,19
Vesoft,2022-04-01,81,88,-7
Vesoft,2022-05-01,70,56,14
Vesoft,2022-06-01,53,31,22
Vesoft,2022-07-01,89,57,32
Vesoft,2022-08-01,103,73,30
Vesoft,2022-09-01,64,45,19
Vesoft,2022-10-01,83,55,28
Vesoft,2022-11-01,142,101,41
Vesoft,2022-12-01,141,226,-85
Vesoft,2023-01-01,87,76,11
Vesoft,2023-02-01,97,80,17
Vesoft,2023-03-01,97,105,-8
Vesoft,2023-04-01,64,48,16
Vesoft,2023-05-01,48,45,3
Vesoft,2023-06-01,54,29,25
Vesoft,2023-07-01,55,37,18
Vesoft,2023-08-01,75,54,21
Vesoft,2023-09-01,82,80,2
Vesoft,2023-10-01,77,65,12
Vesoft,2023-11-01,35,38,-3
Vesoft,2023-12-01,55,54,1
Vesoft,2024-01-01,57,50,7
Vesoft,2024-02-01,35,42,-7
Vesoft,2024-03-01,54,31,23
Vesoft,2024-04-01,49,18,31
Vesoft,2024-05-01,23,9,14
Vesoft,2024-06-01,16,3,13
Vesoft,2024-07-01,19,4,15
Vesoft,2024-08-01,27,8,19
Vesoft,2024-09-01,21,6,15
Vesoft,2024-10-01,13,11,2
Vesoft,2024-11-01,7,1,6
Vipshop,2015-10-01,1,1,0
Vipshop,2015-11-01,2,1,1
Vipshop,2015-12-01,1,2,-1
Vipshop,2016-01-01,2,1,1
Vipshop,2016-02-01,1,0,1
Vipshop,2016-03-01,3,2,1
Vipshop,2016-04-01,1,2,-1
Vipshop,2016-05-01,1,0,1
Vipshop,2016-06-01,2,2,0
Vipshop,2016-07-01,1,0,1
Vipshop,2016-08-01,3,0,3
Vipshop,2016-09-01,8,3,5
Vipshop,2016-10-01,3,7,-4
Vipshop,2016-11-01,11,4,7
Vipshop,2016-12-01,56,39,17
Vipshop,2017-01-01,36,40,-4
Vipshop,2017-02-01,13,10,3
Vipshop,2017-03-01,24,15,9
Vipshop,2017-04-01,27,12,15
Vipshop,2017-05-01,22,21,1
Vipshop,2017-06-01,19,26,-7
Vipshop,2017-07-01,27,26,1
Vipshop,2017-08-01,40,29,11
Vipshop,2017-09-01,31,7,24
Vipshop,2017-10-01,30,28,2
Vipshop,2017-11-01,21,12,9
Vipshop,2017-12-01,27,1,26
Vipshop,2018-01-01,45,22,23
Vipshop,2018-02-01,15,34,-19
Vipshop,2018-03-01,23,4,19
Vipshop,2018-04-01,37,16,21
Vipshop,2018-05-01,23,25,-2
Vipshop,2018-06-01,50,32,18
Vipshop,2018-07-01,34,17,17
Vipshop,2018-08-01,55,65,-10
Vipshop,2018-09-01,40,34,6
Vipshop,2018-10-01,16,0,16
Vipshop,2018-11-01,24,14,10
Vipshop,2018-12-01,25,13,12
Vipshop,2019-01-01,36,12,24
Vipshop,2019-02-01,23,39,-16
Vipshop,2019-03-01,35,4,31
Vipshop,2019-04-01,14,2,12
Vipshop,2019-05-01,25,43,-18
Vipshop,2019-06-01,29,12,17
Vipshop,2019-07-01,34,35,-1
Vipshop,2019-08-01,19,25,-6
Vipshop,2019-09-01,24,1,23
Vipshop,2019-10-01,10,8,2
Vipshop,2019-11-01,15,3,12
Vipshop,2019-12-01,85,12,73
Vipshop,2020-01-01,23,10,13
Vipshop,2020-02-01,13,20,-7
Vipshop,2020-03-01,14,20,-6
Vipshop,2020-04-01,6,6,0
Vipshop,2020-05-01,10,3,7
Vipshop,2020-06-01,10,0,10
Vipshop,2020-07-01,10,1,9
Vipshop,2020-08-01,13,0,13
Vipshop,2020-09-01,7,0,7
Vipshop,2020-10-01,6,1,5
Vipshop,2020-11-01,4,1,3
Vipshop,2020-12-01,12,1,11
Vipshop,2021-01-01,4,0,4
Vipshop,2021-02-01,8,0,8
Vipshop,2021-03-01,2,0,2
Vipshop,2021-04-01,7,1,6
Vipshop,2021-05-01,4,1,3
Vipshop,2021-06-01,5,3,2
Vipshop,2021-07-01,7,0,7
Vipshop,2021-08-01,2,0,2
Vipshop,2021-09-01,4,0,4
Vipshop,2021-10-01,1,0,1
Vipshop,2021-12-01,2,0,2
Vipshop,2022-01-01,1,0,1
Vipshop,2022-02-01,2,0,2
Vipshop,2022-03-01,1,1,0
Vipshop,2022-04-01,1,0,1
Vipshop,2022-08-01,2,1,1
Vipshop,2022-11-01,2,0,2
Vipshop,2023-01-01,2,0,2
Vipshop,2023-04-01,1,0,1
Vipshop,2023-06-01,1,0,1
Vipshop,2023-08-01,1,0,1
Vipshop,2023-09-01,1,0,1
Vipshop,2023-12-01,1,0,1
Vipshop,2024-03-01,1,0,1
Vipshop,2024-04-01,0,1,-1
Vipshop,2024-07-01,1,0,1
WeBank,2019-07-01,6,3,3
WeBank,2019-08-01,2,0,2
WeBank,2019-09-01,60,30,30
WeBank,2019-10-01,52,26,26
WeBank,2019-11-01,59,91,-32
WeBank,2019-12-01,124,46,78
WeBank,2020-01-01,46,45,1
WeBank,2020-02-01,61,18,43
WeBank,2020-03-01,70,48,22
WeBank,2020-04-01,58,24,34
WeBank,2020-05-01,71,24,47
WeBank,2020-06-01,79,66,13
WeBank,2020-07-01,81,30,51
WeBank,2020-08-01,60,27,33
WeBank,2020-09-01,85,34,51
WeBank,2020-10-01,45,25,20
WeBank,2020-11-01,101,64,37
WeBank,2020-12-01,38,9,29
WeBank,2021-01-01,57,19,38
WeBank,2021-02-01,28,32,-4
WeBank,2021-03-01,71,31,40
WeBank,2021-04-01,72,43,29
WeBank,2021-05-01,37,15,22
WeBank,2021-06-01,34,15,19
WeBank,2021-07-01,76,47,29
WeBank,2021-08-01,80,27,53
WeBank,2021-09-01,55,59,-4
WeBank,2021-10-01,10,5,5
WeBank,2021-11-01,54,56,-2
WeBank,2021-12-01,88,72,16
WeBank,2022-01-01,50,33,17
WeBank,2022-02-01,53,25,28
WeBank,2022-03-01,175,70,105
WeBank,2022-04-01,123,105,18
WeBank,2022-05-01,378,241,137
WeBank,2022-06-01,92,78,14
WeBank,2022-07-01,114,75,39
WeBank,2022-08-01,90,42,48
WeBank,2022-09-01,81,95,-14
WeBank,2022-10-01,79,38,41
WeBank,2022-11-01,87,58,29
WeBank,2022-12-01,64,38,26
WeBank,2023-01-01,28,18,10
WeBank,2023-02-01,72,28,44
WeBank,2023-03-01,106,32,74
WeBank,2023-04-01,71,20,51
WeBank,2023-05-01,41,24,17
WeBank,2023-06-01,79,16,63
WeBank,2023-07-01,89,17,72
WeBank,2023-08-01,88,137,-49
WeBank,2023-09-01,48,39,9
WeBank,2023-10-01,45,15,30
WeBank,2023-11-01,45,28,17
WeBank,2023-12-01,33,49,-16
WeBank,2024-01-01,65,49,16
WeBank,2024-02-01,40,18,22
WeBank,2024-03-01,77,44,33
WeBank,2024-04-01,65,47,18
WeBank,2024-05-01,71,26,45
WeBank,2024-06-01,40,47,-7
WeBank,2024-07-01,31,965,-934
WeBank,2024-08-01,39,16,23
WeBank,2024-09-01,7,6,1
WeBank,2024-10-01,23,2,21
WeBank,2024-11-01,1,1,0
WordPress,2015-02-01,1,6,-5
WordPress,2015-03-01,12,9,3
WordPress,2015-06-01,2,0,2
WordPress,2015-07-01,1,0,1
WordPress,2015-08-01,34,8,26
WordPress,2015-09-01,85,108,-23
WordPress,2015-10-01,29,9,20
WordPress,2015-11-01,10,16,-6
WordPress,2015-12-01,20,16,4
WordPress,2016-01-01,17,14,3
WordPress,2016-02-01,10,5,5
WordPress,2016-03-01,16,6,10
WordPress,2016-04-01,24,7,17
WordPress,2016-05-01,11,11,0
WordPress,2016-06-01,13,4,9
WordPress,2016-07-01,14,23,-9
WordPress,2016-08-01,17,9,8
WordPress,2016-09-01,78,42,36
WordPress,2016-10-01,180,203,-23
WordPress,2016-11-01,9,6,3
WordPress,2016-12-01,5,2,3
WordPress,2017-01-01,10,2,8
WordPress,2017-02-01,73,34,39
WordPress,2017-03-01,53,34,19
WordPress,2017-04-01,115,43,72
WordPress,2017-05-01,188,133,55
WordPress,2017-06-01,365,302,63
WordPress,2017-07-01,269,139,130
WordPress,2017-08-01,313,303,10
WordPress,2017-09-01,155,144,11
WordPress,2017-10-01,230,143,87
WordPress,2017-11-01,265,329,-64
WordPress,2017-12-01,256,192,64
WordPress,2018-01-01,311,248,63
WordPress,2018-02-01,288,201,87
WordPress,2018-03-01,349,299,50
WordPress,2018-04-01,290,272,18
WordPress,2018-05-01,270,247,23
WordPress,2018-06-01,355,251,104
WordPress,2018-07-01,359,349,10
WordPress,2018-08-01,798,501,297
WordPress,2018-09-01,413,303,110
WordPress,2018-10-01,711,610,101
WordPress,2018-11-01,715,672,43
WordPress,2018-12-01,437,268,169
WordPress,2019-01-01,255,342,-87
WordPress,2019-02-01,319,302,17
WordPress,2019-03-01,308,260,48
WordPress,2019-04-01,413,261,152
WordPress,2019-05-01,334,311,23
WordPress,2019-06-01,226,220,6
WordPress,2019-07-01,305,196,109
WordPress,2019-08-01,251,250,1
WordPress,2019-09-01,525,402,123
WordPress,2019-10-01,418,382,36
WordPress,2019-11-01,416,295,121
WordPress,2019-12-01,255,241,14
WordPress,2020-01-01,304,274,30
WordPress,2020-02-01,274,255,19
WordPress,2020-03-01,401,385,16
WordPress,2020-04-01,445,466,-21
WordPress,2020-05-01,423,319,104
WordPress,2020-06-01,364,216,148
WordPress,2020-07-01,355,264,91
WordPress,2020-08-01,359,264,95
WordPress,2020-09-01,386,312,74
WordPress,2020-10-01,701,537,164
WordPress,2020-11-01,398,323,75
WordPress,2020-12-01,330,237,93
WordPress,2021-01-01,317,336,-19
WordPress,2021-02-01,388,334,54
WordPress,2021-03-01,501,381,120
WordPress,2021-04-01,503,300,203
WordPress,2021-05-01,394,387,7
WordPress,2021-06-01,519,418,101
WordPress,2021-07-01,403,428,-25
WordPress,2021-08-01,400,280,120
WordPress,2021-09-01,505,328,177
WordPress,2021-10-01,221,123,98
WordPress,2021-11-01,575,372,203
WordPress,2021-12-01,503,347,156
WordPress,2022-01-01,735,532,203
WordPress,2022-02-01,749,494,255
WordPress,2022-03-01,698,412,286
WordPress,2022-04-01,655,414,241
WordPress,2022-05-01,526,417,109
WordPress,2022-06-01,428,270,158
WordPress,2022-07-01,558,360,198
WordPress,2022-08-01,759,727,32
WordPress,2022-09-01,658,669,-11
WordPress,2022-10-01,590,494,96
WordPress,2022-11-01,603,544,59
WordPress,2022-12-01,458,419,39
WordPress,2023-01-01,697,433,264
WordPress,2023-02-01,1191,601,590
WordPress,2023-03-01,870,763,107
WordPress,2023-04-01,1139,513,626
WordPress,2023-05-01,915,706,209
WordPress,2023-06-01,877,678,199
WordPress,2023-07-01,895,727,168
WordPress,2023-08-01,814,812,2
WordPress,2023-09-01,795,732,63
WordPress,2023-10-01,869,648,221
WordPress,2023-11-01,872,496,376
WordPress,2023-12-01,599,622,-23
WordPress,2024-01-01,706,555,151
WordPress,2024-02-01,763,620,143
WordPress,2024-03-01,777,650,127
WordPress,2024-04-01,921,756,165
WordPress,2024-05-01,790,692,98
WordPress,2024-06-01,701,647,54
WordPress,2024-07-01,1055,847,208
WordPress,2024-08-01,667,477,190
WordPress,2024-09-01,823,733,90
WordPress,2024-10-01,841,750,91
WordPress,2024-11-01,116,106,10
Xiaomi,2015-01-01,3,0,3
Xiaomi,2015-02-01,1,0,1
Xiaomi,2015-03-01,4,0,4
Xiaomi,2015-04-01,12,1,11
Xiaomi,2015-05-01,13,1,12
Xiaomi,2015-06-01,8,3,5
Xiaomi,2015-07-01,7,4,3
Xiaomi,2015-08-01,31,17,14
Xiaomi,2015-09-01,23,12,11
Xiaomi,2015-10-01,31,21,10
Xiaomi,2015-11-01,30,23,7
Xiaomi,2015-12-01,24,17,7
Xiaomi,2016-01-01,16,6,10
Xiaomi,2016-02-01,15,12,3
Xiaomi,2016-03-01,24,19,5
Xiaomi,2016-04-01,36,17,19
Xiaomi,2016-05-01,36,21,15
Xiaomi,2016-06-01,31,16,15
Xiaomi,2016-07-01,37,16,21
Xiaomi,2016-08-01,35,42,-7
Xiaomi,2016-09-01,27,19,8
Xiaomi,2016-10-01,46,30,16
Xiaomi,2016-11-01,31,16,15
Xiaomi,2016-12-01,40,21,19
Xiaomi,2017-01-01,299,26,273
Xiaomi,2017-02-01,35,20,15
Xiaomi,2017-03-01,29,16,13
Xiaomi,2017-04-01,256,34,222
Xiaomi,2017-05-01,25,28,-3
Xiaomi,2017-06-01,28,33,-5
Xiaomi,2017-07-01,33,20,13
Xiaomi,2017-08-01,50,27,23
Xiaomi,2017-09-01,88,27,61
Xiaomi,2017-10-01,46,25,21
Xiaomi,2017-11-01,21,27,-6
Xiaomi,2017-12-01,30,20,10
Xiaomi,2018-01-01,58,42,16
Xiaomi,2018-02-01,29,19,10
Xiaomi,2018-03-01,39,27,12
Xiaomi,2018-04-01,42,31,11
Xiaomi,2018-05-01,40,29,11
Xiaomi,2018-06-01,59,49,10
Xiaomi,2018-07-01,143,112,31
Xiaomi,2018-08-01,92,77,15
Xiaomi,2018-09-01,66,64,2
Xiaomi,2018-10-01,95,73,22
Xiaomi,2018-11-01,160,128,32
Xiaomi,2018-12-01,113,107,6
Xiaomi,2019-01-01,81,58,23
Xiaomi,2019-02-01,87,56,31
Xiaomi,2019-03-01,161,104,57
Xiaomi,2019-04-01,99,62,37
Xiaomi,2019-05-01,132,102,30
Xiaomi,2019-06-01,127,93,34
Xiaomi,2019-07-01,168,148,20
Xiaomi,2019-08-01,127,106,21
Xiaomi,2019-09-01,125,146,-21
Xiaomi,2019-10-01,81,61,20
Xiaomi,2019-11-01,95,86,9
Xiaomi,2019-12-01,147,87,60
Xiaomi,2020-01-01,93,104,-11
Xiaomi,2020-02-01,86,91,-5
Xiaomi,2020-03-01,99,69,30
Xiaomi,2020-04-01,85,60,25
Xiaomi,2020-05-01,69,40,29
Xiaomi,2020-06-01,87,93,-6
Xiaomi,2020-07-01,83,153,-70
Xiaomi,2020-08-01,46,38,8
Xiaomi,2020-09-01,81,64,17
Xiaomi,2020-10-01,76,48,28
Xiaomi,2020-11-01,145,71,74
Xiaomi,2020-12-01,871,111,760
Xiaomi,2021-01-01,108,56,52
Xiaomi,2021-02-01,64,31,33
Xiaomi,2021-03-01,81,71,10
Xiaomi,2021-04-01,54,53,1
Xiaomi,2021-05-01,62,32,30
Xiaomi,2021-06-01,80,112,-32
Xiaomi,2021-07-01,74,29,45
Xiaomi,2021-08-01,53,23,30
Xiaomi,2021-09-01,56,78,-22
Xiaomi,2021-10-01,9,13,-4
Xiaomi,2021-11-01,53,17,36
Xiaomi,2021-12-01,50,10,40
Xiaomi,2022-01-01,28,6,22
Xiaomi,2022-02-01,32,7,25
Xiaomi,2022-03-01,40,16,24
Xiaomi,2022-04-01,55,10,45
Xiaomi,2022-05-01,46,11,35
Xiaomi,2022-06-01,47,49,-2
Xiaomi,2022-07-01,68,12,56
Xiaomi,2022-08-01,58,44,14
Xiaomi,2022-09-01,71,26,45
Xiaomi,2022-10-01,210,44,166
Xiaomi,2022-11-01,58,24,34
Xiaomi,2022-12-01,186,17,169
Xiaomi,2023-01-01,156,14,142
Xiaomi,2023-02-01,739,17,722
Xiaomi,2023-03-01,84,47,37
Xiaomi,2023-04-01,54,15,39
Xiaomi,2023-05-01,123,24,99
Xiaomi,2023-06-01,398,25,373
Xiaomi,2023-07-01,141,25,116
Xiaomi,2023-08-01,1091,16,1075
Xiaomi,2023-09-01,169,20,149
Xiaomi,2023-10-01,65,24,41
Xiaomi,2023-11-01,54,17,37
Xiaomi,2023-12-01,49,9,40
Xiaomi,2024-01-01,42,23,19
Xiaomi,2024-02-01,39,21,18
Xiaomi,2024-03-01,988,19,969
Xiaomi,2024-04-01,67,41,26
Xiaomi,2024-05-01,50,14,36
Xiaomi,2024-06-01,18460,46,18414
Xiaomi,2024-07-01,132,15,117
Xiaomi,2024-08-01,38,22,16
Xiaomi,2024-09-01,69,27,42
Xiaomi,2024-10-01,7902,74,7828
Xiaomi,2024-11-01,2,8,-6
Youzan,2016-04-01,4,3,1
Youzan,2016-05-01,1,0,1
Youzan,2016-06-01,2,2,0
Youzan,2016-07-01,6,2,4
Youzan,2016-08-01,9,4,5
Youzan,2016-09-01,2,3,-1
Youzan,2016-10-01,2,0,2
Youzan,2016-11-01,1,0,1
Youzan,2016-12-01,1,0,1
Youzan,2017-02-01,19,8,11
Youzan,2017-03-01,21,16,5
Youzan,2017-04-01,33,29,4
Youzan,2017-05-01,48,39,9
Youzan,2017-06-01,44,42,2
Youzan,2017-07-01,30,31,-1
Youzan,2017-08-01,25,25,0
Youzan,2017-09-01,51,45,6
Youzan,2017-10-01,68,61,7
Youzan,2017-11-01,76,65,11
Youzan,2017-12-01,89,90,-1
Youzan,2018-01-01,95,86,9
Youzan,2018-02-01,43,42,1
Youzan,2018-03-01,128,110,18
Youzan,2018-04-01,122,106,16
Youzan,2018-05-01,209,179,30
Youzan,2018-06-01,134,136,-2
Youzan,2018-07-01,187,181,6
Youzan,2018-08-01,175,179,-4
Youzan,2018-09-01,173,162,11
Youzan,2018-10-01,150,156,-6
Youzan,2018-11-01,191,180,11
Youzan,2018-12-01,233,215,18
Youzan,2019-01-01,199,174,25
Youzan,2019-02-01,149,170,-21
Youzan,2019-03-01,250,245,5
Youzan,2019-04-01,213,205,8
Youzan,2019-05-01,234,246,-12
Youzan,2019-06-01,245,230,15
Youzan,2019-07-01,285,270,15
Youzan,2019-08-01,276,277,-1
Youzan,2019-09-01,263,273,-10
Youzan,2019-10-01,242,230,12
Youzan,2019-11-01,341,335,6
Youzan,2019-12-01,372,375,-3
Youzan,2020-01-01,206,218,-12
Youzan,2020-02-01,170,154,16
Youzan,2020-03-01,301,294,7
Youzan,2020-04-01,313,318,-5
Youzan,2020-05-01,280,281,-1
Youzan,2020-06-01,239,246,-7
Youzan,2020-07-01,268,254,14
Youzan,2020-08-01,201,210,-9
Youzan,2020-09-01,230,219,11
Youzan,2020-10-01,180,174,6
Youzan,2020-11-01,217,215,2
Youzan,2020-12-01,210,226,-16
Youzan,2021-01-01,228,225,3
Youzan,2021-02-01,101,95,6
Youzan,2021-03-01,130,92,38
Youzan,2021-04-01,143,122,21
Youzan,2021-05-01,89,107,-18
Youzan,2021-06-01,142,125,17
Youzan,2021-07-01,161,144,17
Youzan,2021-08-01,109,111,-2
Youzan,2021-09-01,180,161,19
Youzan,2021-10-01,32,34,-2
Youzan,2021-11-01,116,88,28
Youzan,2021-12-01,126,108,18
Youzan,2022-01-01,90,88,2
Youzan,2022-02-01,58,42,16
Youzan,2022-03-01,96,72,24
Youzan,2022-04-01,94,69,25
Youzan,2022-05-01,69,50,19
Youzan,2022-06-01,104,85,19
Youzan,2022-07-01,39,43,-4
Youzan,2022-08-01,1,1,0
Youzan,2022-09-01,29,21,8
Youzan,2022-10-01,53,64,-11
Youzan,2022-11-01,68,163,-95
Youzan,2022-12-01,54,83,-29
Youzan,2023-01-01,50,61,-11
Youzan,2023-02-01,90,89,1
Youzan,2023-03-01,74,50,24
Youzan,2023-04-01,54,81,-27
Youzan,2023-05-01,73,96,-23
Youzan,2023-06-01,89,93,-4
Youzan,2023-07-01,58,99,-41
Youzan,2023-08-01,59,55,4
Youzan,2023-09-01,60,47,13
Youzan,2023-10-01,54,49,5
Youzan,2023-11-01,53,42,11
Youzan,2023-12-01,53,50,3
Youzan,2024-01-01,54,55,-1
Youzan,2024-02-01,26,20,6
Youzan,2024-03-01,49,45,4
Youzan,2024-04-01,54,39,15
Youzan,2024-05-01,54,52,2
Youzan,2024-06-01,44,30,14
Youzan,2024-07-01,44,41,3
Youzan,2024-08-01,33,16,17
Youzan,2024-09-01,36,16,20
Youzan,2024-10-01,26,29,-3
Youzan,2024-11-01,11,4,7
Yunion,2019-08-01,4,1,3
Yunion,2019-09-01,0,2,-2
Yunion,2020-06-01,1,0,1
Yunion,2020-07-01,2,0,2
Yunion,2020-08-01,0,1,-1
Yunion,2020-10-01,2,1,1
Yunion,2020-11-01,0,1,-1
Yunion,2020-12-01,1,0,1
Yunion,2021-05-01,3,0,3
Yunion,2021-06-01,35,32,3
Yunion,2021-07-01,35,32,3
Yunion,2021-08-01,23,18,5
Yunion,2021-09-01,15,22,-7
Yunion,2021-10-01,6,2,4
Yunion,2021-11-01,25,26,-1
Yunion,2021-12-01,16,14,2
Yunion,2022-01-01,8,16,-8
Yunion,2022-02-01,5,6,-1
Yunion,2022-03-01,4,6,-2
Yunion,2022-04-01,11,6,5
Yunion,2022-05-01,6,7,-1
Yunion,2022-06-01,6,4,2
Yunion,2022-07-01,5,17,-12
Yunion,2022-08-01,14,15,-1
Yunion,2022-09-01,11,14,-3
Yunion,2022-10-01,11,15,-4
Yunion,2022-11-01,13,9,4
Yunion,2022-12-01,13,16,-3
Yunion,2023-01-01,9,16,-7
Yunion,2023-02-01,17,7,10
Yunion,2023-03-01,34,20,14
Yunion,2023-04-01,343,324,19
Yunion,2023-05-01,60,39,21
Yunion,2023-06-01,68,68,0
Yunion,2023-07-01,80,66,14
Yunion,2023-08-01,49,29,20
Yunion,2023-09-01,57,46,11
Yunion,2023-10-01,55,54,1
Yunion,2023-11-01,39,54,-15
Yunion,2023-12-01,58,49,9
Yunion,2024-01-01,46,43,3
Yunion,2024-02-01,8,22,-14
Yunion,2024-03-01,41,32,9
Yunion,2024-04-01,36,30,6
Yunion,2024-05-01,33,32,1
Yunion,2024-06-01,23,25,-2
Yunion,2024-07-01,42,42,0
Yunion,2024-08-01,46,36,10
Yunion,2024-09-01,34,32,2
Yunion,2024-10-01,27,22,5
Yunion,2024-11-01,10,7,3
ZStack,2017-02-01,3,2,1
ZStack,2017-03-01,2,0,2
ZStack,2017-04-01,4,0,4
ZStack,2017-05-01,8,0,8
ZStack,2017-06-01,18,1,17
ZStack,2017-07-01,1,0,1
ZStack,2017-08-01,1,0,1
ZStack,2017-10-01,5,0,5
ZStack,2017-12-01,1,0,1
ZStack,2018-01-01,1,0,1
ZStack,2018-02-01,3,0,3
ZStack,2018-03-01,3,0,3
ZStack,2018-04-01,1,0,1
ZStack,2018-05-01,1,0,1
ZStack,2018-06-01,1,0,1
ZStack,2018-07-01,1,0,1
ZStack,2018-08-01,3,1,2
ZStack,2018-11-01,1,0,1
ZStack,2018-12-01,2,0,2
ZStack,2019-01-01,1,0,1
ZStack,2019-02-01,1,0,1
ZStack,2019-03-01,0,1,-1
ZStack,2019-05-01,2,1,1
ZStack,2019-06-01,1,1,0
ZStack,2019-07-01,1,0,1
ZStack,2019-08-01,1,0,1
ZStack,2019-09-01,1,0,1
ZStack,2019-10-01,8,3,5
ZStack,2019-11-01,1,1,0
ZStack,2020-01-01,1,0,1
ZStack,2020-02-01,1,0,1
ZStack,2020-03-01,1,0,1
ZStack,2020-04-01,5,2,3
ZStack,2020-05-01,1,0,1
ZStack,2020-06-01,2,1,1
ZStack,2020-07-01,2,1,1
ZStack,2020-08-01,1,0,1
ZStack,2020-12-01,3,1,2
ZStack,2021-01-01,0,8,-8
ZStack,2021-04-01,1,1,0
ZStack,2021-05-01,1,1,0
ZStack,2021-08-01,3,1,2
ZStack,2021-10-01,4,0,4
ZStack,2022-02-01,3,0,3
ZStack,2022-03-01,2,2,0
ZStack,2022-04-01,3,0,3
ZStack,2022-06-01,6,2,4
ZStack,2022-07-01,7,5,2
ZStack,2022-08-01,5,2,3
ZStack,2022-09-01,4,3,1
ZStack,2022-10-01,2,0,2
ZStack,2022-11-01,2,1,1
ZStack,2022-12-01,1,0,1
ZStack,2023-01-01,1,0,1
ZStack,2023-03-01,1,0,1
ZStack,2023-05-01,3,0,3
ZStack,2023-06-01,3,3,0
ZStack,2023-07-01,2,0,2
ZStack,2023-08-01,2,0,2
ZStack,2023-09-01,1,0,1
ZStack,2023-10-01,1,0,1
ZStack,2023-11-01,2,1,1
ZStack,2024-03-01,1,0,1
ZStack,2024-05-01,4,3,1
ZStack,2024-06-01,2,1,1
ZStack,2024-07-01,1,2,-1
ZStack,2024-08-01,1,0,1
ZStack,2024-09-01,1,0,1
ZStack,2024-10-01,1,0,1
ZStack,2024-11-01,1,0,1
Zalando,2017-08-01,20,20,0
Zalando,2017-09-01,16,15,1
Zalando,2017-10-01,2,2,0
Zalando,2017-11-01,3,4,-1
Zalando,2017-12-01,5,6,-1
Zalando,2018-01-01,0,1,-1
Zalando,2018-02-01,2,2,0
Zalando,2018-03-01,3,2,1
Zalando,2018-04-01,1,1,0
Zalando,2018-05-01,3,3,0
Zalando,2018-06-01,3,0,3
Zalando,2018-07-01,4,6,-2
Zalando,2018-08-01,1,2,-1
Zalando,2018-09-01,1,1,0
Zalando,2018-10-01,6,2,4
Zalando,2018-11-01,5,1,4
Zalando,2018-12-01,2,1,1
Zalando,2019-01-01,3,1,2
Zalando,2019-02-01,3,0,3
Zalando,2019-03-01,2,0,2
Zalando,2019-05-01,1,0,1
Zalando,2019-06-01,4,1,3
Zalando,2019-07-01,3,2,1
Zalando,2019-08-01,2,0,2
Zalando,2019-09-01,3,1,2
Zalando,2019-10-01,2,0,2
Zalando,2019-11-01,3,1,2
Zalando,2019-12-01,8,4,4
Zalando,2020-01-01,48,21,27
Zalando,2020-02-01,45,14,31
Zalando,2020-03-01,44,28,16
Zalando,2020-04-01,60,120,-60
Zalando,2020-05-01,68,270,-202
Zalando,2020-06-01,52,70,-18
Zalando,2020-07-01,51,50,1
Zalando,2020-08-01,38,41,-3
Zalando,2020-09-01,44,57,-13
Zalando,2020-10-01,28,39,-11
Zalando,2020-11-01,35,28,7
Zalando,2020-12-01,39,47,-8
Zalando,2021-01-01,26,25,1
Zalando,2021-02-01,24,23,1
Zalando,2021-03-01,41,30,11
Zalando,2021-04-01,31,46,-15
Zalando,2021-05-01,23,19,4
Zalando,2021-06-01,30,30,0
Zalando,2021-07-01,33,34,-1
Zalando,2021-08-01,30,34,-4
Zalando,2021-09-01,35,32,3
Zalando,2021-10-01,11,8,3
Zalando,2021-11-01,24,25,-1
Zalando,2021-12-01,31,23,8
Zalando,2022-01-01,27,33,-6
Zalando,2022-02-01,23,20,3
Zalando,2022-03-01,35,29,6
Zalando,2022-04-01,32,23,9
Zalando,2022-05-01,37,29,8
Zalando,2022-06-01,24,34,-10
Zalando,2022-07-01,29,12,17
Zalando,2022-08-01,37,20,17
Zalando,2022-09-01,22,28,-6
Zalando,2022-10-01,19,17,2
Zalando,2022-11-01,19,41,-22
Zalando,2022-12-01,21,13,8
Zalando,2023-01-01,21,42,-21
Zalando,2023-02-01,25,37,-12
Zalando,2023-03-01,26,11,15
Zalando,2023-04-01,25,31,-6
Zalando,2023-05-01,16,18,-2
Zalando,2023-06-01,18,17,1
Zalando,2023-07-01,27,18,9
Zalando,2023-08-01,20,29,-9
Zalando,2023-09-01,17,18,-1
Zalando,2023-10-01,29,22,7
Zalando,2023-11-01,11,7,4
Zalando,2023-12-01,9,4,5
Zalando,2024-01-01,9,4,5
Zalando,2024-02-01,13,10,3
Zalando,2024-03-01,18,7,11
Zalando,2024-04-01,15,14,1
Zalando,2024-05-01,16,9,7
Zalando,2024-06-01,13,5,8
Zalando,2024-07-01,26,14,12
Zalando,2024-08-01,14,10,4
Zalando,2024-09-01,7,10,-3
Zalando,2024-10-01,10,3,7
Zalando,2024-11-01,1,0,1
Zilliz,2020-05-01,1,1,0
Zilliz,2020-06-01,11,12,-1
Zilliz,2020-07-01,11,14,-3
Zilliz,2020-08-01,4,5,-1
Zilliz,2020-09-01,1,1,0
Zilliz,2020-11-01,2,1,1
Zilliz,2021-02-01,3,3,0
Zilliz,2021-03-01,0,1,-1
Zilliz,2021-08-01,2,1,1
Zilliz,2021-12-01,2,0,2
Zilliz,2022-01-01,3,2,1
Zilliz,2022-02-01,5,4,1
Zilliz,2022-03-01,9,6,3
Zilliz,2022-04-01,2,2,0
Zilliz,2022-05-01,10,7,3
Zilliz,2022-07-01,9,2,7
Zilliz,2022-08-01,1,3,-2
Zilliz,2022-09-01,9,1,8
Zilliz,2022-10-01,3,11,-8
Zilliz,2022-11-01,11,10,1
Zilliz,2022-12-01,22,18,4
Zilliz,2023-01-01,8,6,2
Zilliz,2023-02-01,14,7,7
Zilliz,2023-03-01,12,5,7
Zilliz,2023-04-01,45,31,14
Zilliz,2023-05-01,19,21,-2
Zilliz,2023-06-01,42,32,10
Zilliz,2023-07-01,55,41,14
Zilliz,2023-08-01,51,34,17
Zilliz,2023-09-01,75,35,40
Zilliz,2023-10-01,55,38,17
Zilliz,2023-11-01,79,36,43
Zilliz,2023-12-01,61,40,21
Zilliz,2024-01-01,67,29,38
Zilliz,2024-02-01,44,51,-7
Zilliz,2024-03-01,66,46,20
Zilliz,2024-04-01,56,66,-10
Zilliz,2024-05-01,66,64,2
Zilliz,2024-06-01,45,45,0
Zilliz,2024-07-01,69,64,5
Zilliz,2024-08-01,70,61,9
Zilliz,2024-09-01,56,43,13
Zilliz,2024-10-01,51,47,4
Zilliz,2024-11-01,18,7,11
iQiyi,2017-10-01,13,7,6
iQiyi,2017-11-01,16,13,3
iQiyi,2017-12-01,25,10,15
iQiyi,2018-01-01,23,19,4
iQiyi,2018-02-01,6,4,2
iQiyi,2018-03-01,7,2,5
iQiyi,2018-04-01,14,8,6
iQiyi,2018-05-01,13,11,2
iQiyi,2018-06-01,19,29,-10
iQiyi,2018-07-01,15,9,6
iQiyi,2018-08-01,18,10,8
iQiyi,2018-09-01,14,12,2
iQiyi,2018-10-01,7,5,2
iQiyi,2018-11-01,2,1,1
iQiyi,2018-12-01,12,3,9
iQiyi,2019-01-01,12,6,6
iQiyi,2019-02-01,16,8,8
iQiyi,2019-03-01,7,10,-3
iQiyi,2019-04-01,6,2,4
iQiyi,2019-05-01,11,10,1
iQiyi,2019-06-01,12,13,-1
iQiyi,2019-07-01,12,7,5
iQiyi,2019-08-01,19,18,1
iQiyi,2019-09-01,4,6,-2
iQiyi,2019-10-01,8,5,3
iQiyi,2019-11-01,29,16,13
iQiyi,2019-12-01,20,10,10
iQiyi,2020-01-01,13,9,4
iQiyi,2020-02-01,17,10,7
iQiyi,2020-03-01,23,11,12
iQiyi,2020-04-01,20,9,11
iQiyi,2020-05-01,8,4,4
iQiyi,2020-06-01,12,24,-12
iQiyi,2020-07-01,15,8,7
iQiyi,2020-08-01,17,8,9
iQiyi,2020-09-01,16,25,-9
iQiyi,2020-10-01,14,7,7
iQiyi,2020-11-01,24,26,-2
iQiyi,2020-12-01,6,1,5
iQiyi,2021-01-01,12,3,9
iQiyi,2021-02-01,9,5,4
iQiyi,2021-03-01,15,9,6
iQiyi,2021-04-01,9,1,8
iQiyi,2021-05-01,6,2,4
iQiyi,2021-06-01,9,8,1
iQiyi,2021-07-01,16,6,10
iQiyi,2021-08-01,14,15,-1
iQiyi,2021-09-01,13,3,10
iQiyi,2021-10-01,1,1,0
iQiyi,2021-11-01,12,3,9
iQiyi,2021-12-01,15,4,11
iQiyi,2022-01-01,6,4,2
iQiyi,2022-02-01,6,1,5
iQiyi,2022-03-01,5,3,2
iQiyi,2022-04-01,8,2,6
iQiyi,2022-05-01,4,3,1
iQiyi,2022-06-01,10,1,9
iQiyi,2022-07-01,4,10,-6
iQiyi,2022-08-01,4,0,4
iQiyi,2022-09-01,2,1,1
iQiyi,2022-10-01,4,1,3
iQiyi,2022-11-01,4,1,3
iQiyi,2022-12-01,4,0,4
iQiyi,2023-01-01,5,0,5
iQiyi,2023-02-01,5,0,5
iQiyi,2023-03-01,6,1,5
iQiyi,2023-04-01,8,4,4
iQiyi,2023-05-01,4,0,4
iQiyi,2023-06-01,4,3,1
iQiyi,2023-07-01,2,0,2
iQiyi,2023-08-01,2,2,0
iQiyi,2023-09-01,4,36,-32
iQiyi,2023-10-01,3,1,2
iQiyi,2023-11-01,3,1,2
iQiyi,2023-12-01,3,2,1
iQiyi,2024-01-01,5,1,4
iQiyi,2024-02-01,2,0,2
iQiyi,2024-03-01,5,1,4
iQiyi,2024-04-01,5,0,5
iQiyi,2024-05-01,10,4,6
iQiyi,2024-06-01,6,18,-12
iQiyi,2024-07-01,10,3,7
iQiyi,2024-08-01,5,2,3
iQiyi,2024-09-01,4,1,3
iQiyi,2024-10-01,4,2,2
iQiyi,2024-11-01,0,1,-1
